{
  "folder": "/workspace/input/noma_bar/data/matt_lucas_david_walliams",
  "model": "/workspace/src/LVFace/models/LVFace-L_Glint360K/LVFace-L_Glint360K.onnx",
  "providers": [
    "CUDAExecutionProvider",
    "CPUExecutionProvider"
  ],
  "portrait": {
    "path": "/workspace/input/noma_bar/data/matt_lucas_david_walliams/portrait.jpg",
    "pairs": [
      {
        "index": 0,
        "name": "01_ashleigh-and-david-walliams-the-voice-of-pudsey-in-the-movie-cropped-jpg.jpg",
        "path": "/workspace/input/noma_bar/data/matt_lucas_david_walliams/images/01_ashleigh-and-david-walliams-the-voice-of-pudsey-in-the-movie-cropped-jpg.jpg",
        "similarity": 0.05854237079620361
      },
      {
        "index": 1,
        "name": "02_david-walliams-at-the-2025-jaipur-literature-festival-cropped-jpg.jpg",
        "path": "/workspace/input/noma_bar/data/matt_lucas_david_walliams/images/02_david-walliams-at-the-2025-jaipur-literature-festival-cropped-jpg.jpg",
        "similarity": 0.02617356926202774
      },
      {
        "index": 2,
        "name": "03_matt-lucas-by-gage-skidmore-jpg.jpg",
        "path": "/workspace/input/noma_bar/data/matt_lucas_david_walliams/images/03_matt-lucas-by-gage-skidmore-jpg.jpg",
        "similarity": -0.0840766578912735
      },
      {
        "index": 3,
        "name": "04_david-walliams-jpg.jpg",
        "path": "/workspace/input/noma_bar/data/matt_lucas_david_walliams/images/04_david-walliams-jpg.jpg",
        "similarity": 0.025077899917960167
      },
      {
        "index": 4,
        "name": "05_david-walliams-at-the-2025-jaipur-literature-festival-jpg.jpg",
        "path": "/workspace/input/noma_bar/data/matt_lucas_david_walliams/images/05_david-walliams-at-the-2025-jaipur-literature-festival-jpg.jpg",
        "similarity": 0.006317445542663336
      },
      {
        "index": 5,
        "name": "06_matt-lucas-35878041380-jpg.jpg",
        "path": "/workspace/input/noma_bar/data/matt_lucas_david_walliams/images/06_matt-lucas-35878041380-jpg.jpg",
        "similarity": -0.10565786808729172
      },
      {
        "index": 6,
        "name": "07_matt-lucas-36272358065-jpg.jpg",
        "path": "/workspace/input/noma_bar/data/matt_lucas_david_walliams/images/07_matt-lucas-36272358065-jpg.jpg",
        "similarity": -0.08934255689382553
      },
      {
        "index": 7,
        "name": "08_david-walliams-6745348487-jpg.jpg",
        "path": "/workspace/input/noma_bar/data/matt_lucas_david_walliams/images/08_david-walliams-6745348487-jpg.jpg",
        "similarity": 0.030246952548623085
      },
      {
        "index": 8,
        "name": "09_david-walliams-2011-jpg.jpg",
        "path": "/workspace/input/noma_bar/data/matt_lucas_david_walliams/images/09_david-walliams-2011-jpg.jpg",
        "similarity": 0.011973701417446136
      },
      {
        "index": 9,
        "name": "10_matt-lucas-01-jpg.jpg",
        "path": "/workspace/input/noma_bar/data/matt_lucas_david_walliams/images/10_matt-lucas-01-jpg.jpg",
        "similarity": -0.026674892753362656
      }
    ],
    "matrix": {
      "labels": [
        "portrait",
        "0",
        "1",
        "2",
        "3",
        "4",
        "5",
        "6",
        "7",
        "8",
        "9"
      ],
      "values": [
        [
          1.0,
          0.05854237079620361,
          0.02617356926202774,
          -0.0840766578912735,
          0.025077899917960167,
          0.006317445542663336,
          -0.10565786808729172,
          -0.08934255689382553,
          0.030246952548623085,
          0.011973701417446136,
          -0.026674892753362656
        ],
        [
          0.05854237079620361,
          1.0,
          0.5024455785751343,
          0.010485761798918247,
          0.579304575920105,
          0.45799845457077026,
          0.0004485697718337178,
          -0.0030661229975521564,
          0.61479252576828,
          0.015383166261017323,
          0.06758029013872147
        ],
        [
          0.02617356926202774,
          0.5024455785751343,
          1.0,
          0.037748854607343674,
          0.4339296817779541,
          0.9059613347053528,
          -0.05197770893573761,
          -0.07808465510606766,
          0.53232741355896,
          0.02016119658946991,
          -0.034858398139476776
        ],
        [
          -0.0840766578912735,
          0.010485761798918247,
          0.037748854607343674,
          1.0,
          0.05450810492038727,
          0.010965455323457718,
          0.6538264751434326,
          0.5861476063728333,
          0.04842081293463707,
          -0.028591902926564217,
          0.5053936243057251
        ],
        [
          0.025077899917960167,
          0.579304575920105,
          0.4339296817779541,
          0.05450810492038727,
          1.0,
          0.4124249815940857,
          -0.03595808520913124,
          -0.07920125126838684,
          0.4729014039039612,
          0.01826377399265766,
          -0.06357768177986145
        ],
        [
          0.006317445542663336,
          0.45799845457077026,
          0.9059613347053528,
          0.010965455323457718,
          0.4124249815940857,
          1.0,
          -0.09988613426685333,
          -0.06281114369630814,
          0.5230993032455444,
          0.007922518998384476,
          -0.012929699383676052
        ],
        [
          -0.10565786808729172,
          0.0004485697718337178,
          -0.05197770893573761,
          0.6538264751434326,
          -0.03595808520913124,
          -0.09988613426685333,
          1.0000001192092896,
          0.7972370386123657,
          0.022624274715781212,
          -0.019885195419192314,
          0.5560134649276733
        ],
        [
          -0.08934255689382553,
          -0.0030661229975521564,
          -0.07808465510606766,
          0.5861476063728333,
          -0.07920125126838684,
          -0.06281114369630814,
          0.7972370386123657,
          0.9999999403953552,
          0.056262534111738205,
          -0.019113317131996155,
          0.5553058981895447
        ],
        [
          0.030246952548623085,
          0.61479252576828,
          0.53232741355896,
          0.04842081293463707,
          0.4729014039039612,
          0.5230993032455444,
          0.022624274715781212,
          0.056262534111738205,
          1.0000001192092896,
          0.033360425382852554,
          0.00019733721273951232
        ],
        [
          0.011973701417446136,
          0.015383166261017323,
          0.02016119658946991,
          -0.028591902926564217,
          0.01826377399265766,
          0.007922518998384476,
          -0.019885195419192314,
          -0.019113317131996155,
          0.033360425382852554,
          1.0,
          -0.022733163088560104
        ],
        [
          -0.026674892753362656,
          0.06758029013872147,
          -0.034858398139476776,
          0.5053936243057251,
          -0.06357768177986145,
          -0.012929699383676052,
          0.5560134649276733,
          0.5553058981895447,
          0.00019733721273951232,
          -0.022733163088560104,
          0.9999998807907104
        ]
      ]
    }
  },
  "images": [
    {
      "name": "01_ashleigh-and-david-walliams-the-voice-of-pudsey-in-the-movie-cropped-jpg.jpg",
      "path": "/workspace/input/noma_bar/data/matt_lucas_david_walliams/images/01_ashleigh-and-david-walliams-the-voice-of-pudsey-in-the-movie-cropped-jpg.jpg"
    },
    {
      "name": "02_david-walliams-at-the-2025-jaipur-literature-festival-cropped-jpg.jpg",
      "path": "/workspace/input/noma_bar/data/matt_lucas_david_walliams/images/02_david-walliams-at-the-2025-jaipur-literature-festival-cropped-jpg.jpg"
    },
    {
      "name": "03_matt-lucas-by-gage-skidmore-jpg.jpg",
      "path": "/workspace/input/noma_bar/data/matt_lucas_david_walliams/images/03_matt-lucas-by-gage-skidmore-jpg.jpg"
    },
    {
      "name": "04_david-walliams-jpg.jpg",
      "path": "/workspace/input/noma_bar/data/matt_lucas_david_walliams/images/04_david-walliams-jpg.jpg"
    },
    {
      "name": "05_david-walliams-at-the-2025-jaipur-literature-festival-jpg.jpg",
      "path": "/workspace/input/noma_bar/data/matt_lucas_david_walliams/images/05_david-walliams-at-the-2025-jaipur-literature-festival-jpg.jpg"
    },
    {
      "name": "06_matt-lucas-35878041380-jpg.jpg",
      "path": "/workspace/input/noma_bar/data/matt_lucas_david_walliams/images/06_matt-lucas-35878041380-jpg.jpg"
    },
    {
      "name": "07_matt-lucas-36272358065-jpg.jpg",
      "path": "/workspace/input/noma_bar/data/matt_lucas_david_walliams/images/07_matt-lucas-36272358065-jpg.jpg"
    },
    {
      "name": "08_david-walliams-6745348487-jpg.jpg",
      "path": "/workspace/input/noma_bar/data/matt_lucas_david_walliams/images/08_david-walliams-6745348487-jpg.jpg"
    },
    {
      "name": "09_david-walliams-2011-jpg.jpg",
      "path": "/workspace/input/noma_bar/data/matt_lucas_david_walliams/images/09_david-walliams-2011-jpg.jpg"
    },
    {
      "name": "10_matt-lucas-01-jpg.jpg",
      "path": "/workspace/input/noma_bar/data/matt_lucas_david_walliams/images/10_matt-lucas-01-jpg.jpg"
    }
  ],
  "pairs": [
    {
      "left": "/workspace/input/noma_bar/data/matt_lucas_david_walliams/images/01_ashleigh-and-david-walliams-the-voice-of-pudsey-in-the-movie-cropped-jpg.jpg",
      "right": "/workspace/input/noma_bar/data/matt_lucas_david_walliams/images/02_david-walliams-at-the-2025-jaipur-literature-festival-cropped-jpg.jpg",
      "similarity": 0.5024455785751343
    },
    {
      "left": "/workspace/input/noma_bar/data/matt_lucas_david_walliams/images/01_ashleigh-and-david-walliams-the-voice-of-pudsey-in-the-movie-cropped-jpg.jpg",
      "right": "/workspace/input/noma_bar/data/matt_lucas_david_walliams/images/03_matt-lucas-by-gage-skidmore-jpg.jpg",
      "similarity": 0.010485761798918247
    },
    {
      "left": "/workspace/input/noma_bar/data/matt_lucas_david_walliams/images/01_ashleigh-and-david-walliams-the-voice-of-pudsey-in-the-movie-cropped-jpg.jpg",
      "right": "/workspace/input/noma_bar/data/matt_lucas_david_walliams/images/04_david-walliams-jpg.jpg",
      "similarity": 0.579304575920105
    },
    {
      "left": "/workspace/input/noma_bar/data/matt_lucas_david_walliams/images/01_ashleigh-and-david-walliams-the-voice-of-pudsey-in-the-movie-cropped-jpg.jpg",
      "right": "/workspace/input/noma_bar/data/matt_lucas_david_walliams/images/05_david-walliams-at-the-2025-jaipur-literature-festival-jpg.jpg",
      "similarity": 0.45799845457077026
    },
    {
      "left": "/workspace/input/noma_bar/data/matt_lucas_david_walliams/images/01_ashleigh-and-david-walliams-the-voice-of-pudsey-in-the-movie-cropped-jpg.jpg",
      "right": "/workspace/input/noma_bar/data/matt_lucas_david_walliams/images/06_matt-lucas-35878041380-jpg.jpg",
      "similarity": 0.0004485697718337178
    },
    {
      "left": "/workspace/input/noma_bar/data/matt_lucas_david_walliams/images/01_ashleigh-and-david-walliams-the-voice-of-pudsey-in-the-movie-cropped-jpg.jpg",
      "right": "/workspace/input/noma_bar/data/matt_lucas_david_walliams/images/07_matt-lucas-36272358065-jpg.jpg",
      "similarity": -0.0030661229975521564
    },
    {
      "left": "/workspace/input/noma_bar/data/matt_lucas_david_walliams/images/01_ashleigh-and-david-walliams-the-voice-of-pudsey-in-the-movie-cropped-jpg.jpg",
      "right": "/workspace/input/noma_bar/data/matt_lucas_david_walliams/images/08_david-walliams-6745348487-jpg.jpg",
      "similarity": 0.61479252576828
    },
    {
      "left": "/workspace/input/noma_bar/data/matt_lucas_david_walliams/images/01_ashleigh-and-david-walliams-the-voice-of-pudsey-in-the-movie-cropped-jpg.jpg",
      "right": "/workspace/input/noma_bar/data/matt_lucas_david_walliams/images/09_david-walliams-2011-jpg.jpg",
      "similarity": 0.015383166261017323
    },
    {
      "left": "/workspace/input/noma_bar/data/matt_lucas_david_walliams/images/01_ashleigh-and-david-walliams-the-voice-of-pudsey-in-the-movie-cropped-jpg.jpg",
      "right": "/workspace/input/noma_bar/data/matt_lucas_david_walliams/images/10_matt-lucas-01-jpg.jpg",
      "similarity": 0.06758029013872147
    },
    {
      "left": "/workspace/input/noma_bar/data/matt_lucas_david_walliams/images/02_david-walliams-at-the-2025-jaipur-literature-festival-cropped-jpg.jpg",
      "right": "/workspace/input/noma_bar/data/matt_lucas_david_walliams/images/03_matt-lucas-by-gage-skidmore-jpg.jpg",
      "similarity": 0.037748854607343674
    },
    {
      "left": "/workspace/input/noma_bar/data/matt_lucas_david_walliams/images/02_david-walliams-at-the-2025-jaipur-literature-festival-cropped-jpg.jpg",
      "right": "/workspace/input/noma_bar/data/matt_lucas_david_walliams/images/04_david-walliams-jpg.jpg",
      "similarity": 0.4339296817779541
    },
    {
      "left": "/workspace/input/noma_bar/data/matt_lucas_david_walliams/images/02_david-walliams-at-the-2025-jaipur-literature-festival-cropped-jpg.jpg",
      "right": "/workspace/input/noma_bar/data/matt_lucas_david_walliams/images/05_david-walliams-at-the-2025-jaipur-literature-festival-jpg.jpg",
      "similarity": 0.9059613347053528
    },
    {
      "left": "/workspace/input/noma_bar/data/matt_lucas_david_walliams/images/02_david-walliams-at-the-2025-jaipur-literature-festival-cropped-jpg.jpg",
      "right": "/workspace/input/noma_bar/data/matt_lucas_david_walliams/images/06_matt-lucas-35878041380-jpg.jpg",
      "similarity": -0.05197770893573761
    },
    {
      "left": "/workspace/input/noma_bar/data/matt_lucas_david_walliams/images/02_david-walliams-at-the-2025-jaipur-literature-festival-cropped-jpg.jpg",
      "right": "/workspace/input/noma_bar/data/matt_lucas_david_walliams/images/07_matt-lucas-36272358065-jpg.jpg",
      "similarity": -0.07808465510606766
    },
    {
      "left": "/workspace/input/noma_bar/data/matt_lucas_david_walliams/images/02_david-walliams-at-the-2025-jaipur-literature-festival-cropped-jpg.jpg",
      "right": "/workspace/input/noma_bar/data/matt_lucas_david_walliams/images/08_david-walliams-6745348487-jpg.jpg",
      "similarity": 0.53232741355896
    },
    {
      "left": "/workspace/input/noma_bar/data/matt_lucas_david_walliams/images/02_david-walliams-at-the-2025-jaipur-literature-festival-cropped-jpg.jpg",
      "right": "/workspace/input/noma_bar/data/matt_lucas_david_walliams/images/09_david-walliams-2011-jpg.jpg",
      "similarity": 0.02016119658946991
    },
    {
      "left": "/workspace/input/noma_bar/data/matt_lucas_david_walliams/images/02_david-walliams-at-the-2025-jaipur-literature-festival-cropped-jpg.jpg",
      "right": "/workspace/input/noma_bar/data/matt_lucas_david_walliams/images/10_matt-lucas-01-jpg.jpg",
      "similarity": -0.034858398139476776
    },
    {
      "left": "/workspace/input/noma_bar/data/matt_lucas_david_walliams/images/03_matt-lucas-by-gage-skidmore-jpg.jpg",
      "right": "/workspace/input/noma_bar/data/matt_lucas_david_walliams/images/04_david-walliams-jpg.jpg",
      "similarity": 0.05450810492038727
    },
    {
      "left": "/workspace/input/noma_bar/data/matt_lucas_david_walliams/images/03_matt-lucas-by-gage-skidmore-jpg.jpg",
      "right": "/workspace/input/noma_bar/data/matt_lucas_david_walliams/images/05_david-walliams-at-the-2025-jaipur-literature-festival-jpg.jpg",
      "similarity": 0.010965455323457718
    },
    {
      "left": "/workspace/input/noma_bar/data/matt_lucas_david_walliams/images/03_matt-lucas-by-gage-skidmore-jpg.jpg",
      "right": "/workspace/input/noma_bar/data/matt_lucas_david_walliams/images/06_matt-lucas-35878041380-jpg.jpg",
      "similarity": 0.6538264751434326
    },
    {
      "left": "/workspace/input/noma_bar/data/matt_lucas_david_walliams/images/03_matt-lucas-by-gage-skidmore-jpg.jpg",
      "right": "/workspace/input/noma_bar/data/matt_lucas_david_walliams/images/07_matt-lucas-36272358065-jpg.jpg",
      "similarity": 0.5861476063728333
    },
    {
      "left": "/workspace/input/noma_bar/data/matt_lucas_david_walliams/images/03_matt-lucas-by-gage-skidmore-jpg.jpg",
      "right": "/workspace/input/noma_bar/data/matt_lucas_david_walliams/images/08_david-walliams-6745348487-jpg.jpg",
      "similarity": 0.04842081293463707
    },
    {
      "left": "/workspace/input/noma_bar/data/matt_lucas_david_walliams/images/03_matt-lucas-by-gage-skidmore-jpg.jpg",
      "right": "/workspace/input/noma_bar/data/matt_lucas_david_walliams/images/09_david-walliams-2011-jpg.jpg",
      "similarity": -0.028591902926564217
    },
    {
      "left": "/workspace/input/noma_bar/data/matt_lucas_david_walliams/images/03_matt-lucas-by-gage-skidmore-jpg.jpg",
      "right": "/workspace/input/noma_bar/data/matt_lucas_david_walliams/images/10_matt-lucas-01-jpg.jpg",
      "similarity": 0.5053936243057251
    },
    {
      "left": "/workspace/input/noma_bar/data/matt_lucas_david_walliams/images/04_david-walliams-jpg.jpg",
      "right": "/workspace/input/noma_bar/data/matt_lucas_david_walliams/images/05_david-walliams-at-the-2025-jaipur-literature-festival-jpg.jpg",
      "similarity": 0.4124249815940857
    },
    {
      "left": "/workspace/input/noma_bar/data/matt_lucas_david_walliams/images/04_david-walliams-jpg.jpg",
      "right": "/workspace/input/noma_bar/data/matt_lucas_david_walliams/images/06_matt-lucas-35878041380-jpg.jpg",
      "similarity": -0.03595808520913124
    },
    {
      "left": "/workspace/input/noma_bar/data/matt_lucas_david_walliams/images/04_david-walliams-jpg.jpg",
      "right": "/workspace/input/noma_bar/data/matt_lucas_david_walliams/images/07_matt-lucas-36272358065-jpg.jpg",
      "similarity": -0.07920125126838684
    },
    {
      "left": "/workspace/input/noma_bar/data/matt_lucas_david_walliams/images/04_david-walliams-jpg.jpg",
      "right": "/workspace/input/noma_bar/data/matt_lucas_david_walliams/images/08_david-walliams-6745348487-jpg.jpg",
      "similarity": 0.4729014039039612
    },
    {
      "left": "/workspace/input/noma_bar/data/matt_lucas_david_walliams/images/04_david-walliams-jpg.jpg",
      "right": "/workspace/input/noma_bar/data/matt_lucas_david_walliams/images/09_david-walliams-2011-jpg.jpg",
      "similarity": 0.01826377399265766
    },
    {
      "left": "/workspace/input/noma_bar/data/matt_lucas_david_walliams/images/04_david-walliams-jpg.jpg",
      "right": "/workspace/input/noma_bar/data/matt_lucas_david_walliams/images/10_matt-lucas-01-jpg.jpg",
      "similarity": -0.06357768177986145
    },
    {
      "left": "/workspace/input/noma_bar/data/matt_lucas_david_walliams/images/05_david-walliams-at-the-2025-jaipur-literature-festival-jpg.jpg",
      "right": "/workspace/input/noma_bar/data/matt_lucas_david_walliams/images/06_matt-lucas-35878041380-jpg.jpg",
      "similarity": -0.09988613426685333
    },
    {
      "left": "/workspace/input/noma_bar/data/matt_lucas_david_walliams/images/05_david-walliams-at-the-2025-jaipur-literature-festival-jpg.jpg",
      "right": "/workspace/input/noma_bar/data/matt_lucas_david_walliams/images/07_matt-lucas-36272358065-jpg.jpg",
      "similarity": -0.06281114369630814
    },
    {
      "left": "/workspace/input/noma_bar/data/matt_lucas_david_walliams/images/05_david-walliams-at-the-2025-jaipur-literature-festival-jpg.jpg",
      "right": "/workspace/input/noma_bar/data/matt_lucas_david_walliams/images/08_david-walliams-6745348487-jpg.jpg",
      "similarity": 0.5230993032455444
    },
    {
      "left": "/workspace/input/noma_bar/data/matt_lucas_david_walliams/images/05_david-walliams-at-the-2025-jaipur-literature-festival-jpg.jpg",
      "right": "/workspace/input/noma_bar/data/matt_lucas_david_walliams/images/09_david-walliams-2011-jpg.jpg",
      "similarity": 0.007922518998384476
    },
    {
      "left": "/workspace/input/noma_bar/data/matt_lucas_david_walliams/images/05_david-walliams-at-the-2025-jaipur-literature-festival-jpg.jpg",
      "right": "/workspace/input/noma_bar/data/matt_lucas_david_walliams/images/10_matt-lucas-01-jpg.jpg",
      "similarity": -0.012929699383676052
    },
    {
      "left": "/workspace/input/noma_bar/data/matt_lucas_david_walliams/images/06_matt-lucas-35878041380-jpg.jpg",
      "right": "/workspace/input/noma_bar/data/matt_lucas_david_walliams/images/07_matt-lucas-36272358065-jpg.jpg",
      "similarity": 0.7972370386123657
    },
    {
      "left": "/workspace/input/noma_bar/data/matt_lucas_david_walliams/images/06_matt-lucas-35878041380-jpg.jpg",
      "right": "/workspace/input/noma_bar/data/matt_lucas_david_walliams/images/08_david-walliams-6745348487-jpg.jpg",
      "similarity": 0.022624274715781212
    },
    {
      "left": "/workspace/input/noma_bar/data/matt_lucas_david_walliams/images/06_matt-lucas-35878041380-jpg.jpg",
      "right": "/workspace/input/noma_bar/data/matt_lucas_david_walliams/images/09_david-walliams-2011-jpg.jpg",
      "similarity": -0.019885195419192314
    },
    {
      "left": "/workspace/input/noma_bar/data/matt_lucas_david_walliams/images/06_matt-lucas-35878041380-jpg.jpg",
      "right": "/workspace/input/noma_bar/data/matt_lucas_david_walliams/images/10_matt-lucas-01-jpg.jpg",
      "similarity": 0.5560134649276733
    },
    {
      "left": "/workspace/input/noma_bar/data/matt_lucas_david_walliams/images/07_matt-lucas-36272358065-jpg.jpg",
      "right": "/workspace/input/noma_bar/data/matt_lucas_david_walliams/images/08_david-walliams-6745348487-jpg.jpg",
      "similarity": 0.056262534111738205
    },
    {
      "left": "/workspace/input/noma_bar/data/matt_lucas_david_walliams/images/07_matt-lucas-36272358065-jpg.jpg",
      "right": "/workspace/input/noma_bar/data/matt_lucas_david_walliams/images/09_david-walliams-2011-jpg.jpg",
      "similarity": -0.019113317131996155
    },
    {
      "left": "/workspace/input/noma_bar/data/matt_lucas_david_walliams/images/07_matt-lucas-36272358065-jpg.jpg",
      "right": "/workspace/input/noma_bar/data/matt_lucas_david_walliams/images/10_matt-lucas-01-jpg.jpg",
      "similarity": 0.5553058981895447
    },
    {
      "left": "/workspace/input/noma_bar/data/matt_lucas_david_walliams/images/08_david-walliams-6745348487-jpg.jpg",
      "right": "/workspace/input/noma_bar/data/matt_lucas_david_walliams/images/09_david-walliams-2011-jpg.jpg",
      "similarity": 0.033360425382852554
    },
    {
      "left": "/workspace/input/noma_bar/data/matt_lucas_david_walliams/images/08_david-walliams-6745348487-jpg.jpg",
      "right": "/workspace/input/noma_bar/data/matt_lucas_david_walliams/images/10_matt-lucas-01-jpg.jpg",
      "similarity": 0.00019733721273951232
    },
    {
      "left": "/workspace/input/noma_bar/data/matt_lucas_david_walliams/images/09_david-walliams-2011-jpg.jpg",
      "right": "/workspace/input/noma_bar/data/matt_lucas_david_walliams/images/10_matt-lucas-01-jpg.jpg",
      "similarity": -0.022733163088560104
    }
  ],
  "matrix": {
    "labels": [
      "01_ashleigh-and-david-walliams-the-voice-of-pudsey-in-the-movie-cropped-jpg.jpg",
      "02_david-walliams-at-the-2025-jaipur-literature-festival-cropped-jpg.jpg",
      "03_matt-lucas-by-gage-skidmore-jpg.jpg",
      "04_david-walliams-jpg.jpg",
      "05_david-walliams-at-the-2025-jaipur-literature-festival-jpg.jpg",
      "06_matt-lucas-35878041380-jpg.jpg",
      "07_matt-lucas-36272358065-jpg.jpg",
      "08_david-walliams-6745348487-jpg.jpg",
      "09_david-walliams-2011-jpg.jpg",
      "10_matt-lucas-01-jpg.jpg"
    ],
    "values": [
      [
        1.0,
        0.5024455785751343,
        0.010485761798918247,
        0.579304575920105,
        0.45799845457077026,
        0.0004485697718337178,
        -0.0030661229975521564,
        0.61479252576828,
        0.015383166261017323,
        0.06758029013872147
      ],
      [
        0.5024455785751343,
        1.0,
        0.037748854607343674,
        0.4339296817779541,
        0.9059613347053528,
        -0.05197770893573761,
        -0.07808465510606766,
        0.53232741355896,
        0.02016119658946991,
        -0.034858398139476776
      ],
      [
        0.010485761798918247,
        0.037748854607343674,
        1.0,
        0.05450810492038727,
        0.010965455323457718,
        0.6538264751434326,
        0.5861476063728333,
        0.04842081293463707,
        -0.028591902926564217,
        0.5053936243057251
      ],
      [
        0.579304575920105,
        0.4339296817779541,
        0.05450810492038727,
        1.0,
        0.4124249815940857,
        -0.03595808520913124,
        -0.07920125126838684,
        0.4729014039039612,
        0.01826377399265766,
        -0.06357768177986145
      ],
      [
        0.45799845457077026,
        0.9059613347053528,
        0.010965455323457718,
        0.4124249815940857,
        1.0,
        -0.09988613426685333,
        -0.06281114369630814,
        0.5230993032455444,
        0.007922518998384476,
        -0.012929699383676052
      ],
      [
        0.0004485697718337178,
        -0.05197770893573761,
        0.6538264751434326,
        -0.03595808520913124,
        -0.09988613426685333,
        1.0000001192092896,
        0.7972370386123657,
        0.022624274715781212,
        -0.019885195419192314,
        0.5560134649276733
      ],
      [
        -0.0030661229975521564,
        -0.07808465510606766,
        0.5861476063728333,
        -0.07920125126838684,
        -0.06281114369630814,
        0.7972370386123657,
        0.9999999403953552,
        0.056262534111738205,
        -0.019113317131996155,
        0.5553058981895447
      ],
      [
        0.61479252576828,
        0.53232741355896,
        0.04842081293463707,
        0.4729014039039612,
        0.5230993032455444,
        0.022624274715781212,
        0.056262534111738205,
        1.0000001192092896,
        0.033360425382852554,
        0.00019733721273951232
      ],
      [
        0.015383166261017323,
        0.02016119658946991,
        -0.028591902926564217,
        0.01826377399265766,
        0.007922518998384476,
        -0.019885195419192314,
        -0.019113317131996155,
        0.033360425382852554,
        1.0,
        -0.022733163088560104
      ],
      [
        0.06758029013872147,
        -0.034858398139476776,
        0.5053936243057251,
        -0.06357768177986145,
        -0.012929699383676052,
        0.5560134649276733,
        0.5553058981895447,
        0.00019733721273951232,
        -0.022733163088560104,
        0.9999998807907104
      ]
    ]
  },
  "errors": [
    {
      "path": "/workspace/input/noma_bar/data/matt_lucas_david_walliams/portrait.jpg",
      "error": "No face detected in /workspace/input/noma_bar/data/matt_lucas_david_walliams/portrait.jpg"
    }
  ]
}