{
  "folder": "/workspace/input/noma_bar/data/joseph_stalin",
  "model": "/workspace/src/LVFace/models/LVFace-L_Glint360K/LVFace-L_Glint360K.onnx",
  "providers": [
    "CUDAExecutionProvider",
    "CPUExecutionProvider"
  ],
  "portrait": {
    "path": "/workspace/input/noma_bar/data/joseph_stalin/portrait.jpg",
    "pairs": [
      {
        "index": 0,
        "name": "01_joseph-stalin-1950-cropped-jpg.jpg",
        "path": "/workspace/input/noma_bar/data/joseph_stalin/images/01_joseph-stalin-1950-cropped-jpg.jpg",
        "similarity": 0.039767056703567505
      },
      {
        "index": 1,
        "name": "02_joseph-stalin-in-1902-jpg.jpg",
        "path": "/workspace/input/noma_bar/data/joseph_stalin/images/02_joseph-stalin-in-1902-jpg.jpg",
        "similarity": -0.017171509563922882
      },
      {
        "index": 2,
        "name": "03_joseph-stalin-front-jpg.jpg",
        "path": "/workspace/input/noma_bar/data/joseph_stalin/images/03_joseph-stalin-front-jpg.jpg",
        "similarity": -0.020225029438734055
      },
      {
        "index": 3,
        "name": "07_joseph-stalin-1911-mug-shot-jpg.jpg",
        "path": "/workspace/input/noma_bar/data/joseph_stalin/images/07_joseph-stalin-1911-mug-shot-jpg.jpg",
        "similarity": 0.0132877416908741
      },
      {
        "index": 4,
        "name": "08_joseph-stalin-in-1893-jpg.jpg",
        "path": "/workspace/input/noma_bar/data/joseph_stalin/images/08_joseph-stalin-in-1893-jpg.jpg",
        "similarity": 0.03209901973605156
      },
      {
        "index": 5,
        "name": "08_joseph-stalin-in-1932-4-cropped-2-colored-cropped-png.png",
        "path": "/workspace/input/noma_bar/data/joseph_stalin/images/08_joseph-stalin-in-1932-4-cropped-2-colored-cropped-png.png",
        "similarity": 0.034548524767160416
      },
      {
        "index": 6,
        "name": "09_joseph-stalin-1950-jpg.jpg",
        "path": "/workspace/input/noma_bar/data/joseph_stalin/images/09_joseph-stalin-1950-jpg.jpg",
        "similarity": 0.041802939027547836
      },
      {
        "index": 7,
        "name": "10_joseph-stalin-1950-close-cropped-jpg.jpg",
        "path": "/workspace/input/noma_bar/data/joseph_stalin/images/10_joseph-stalin-1950-close-cropped-jpg.jpg",
        "similarity": 0.04389294609427452
      },
      {
        "index": 8,
        "name": "11_joseph-stalin-in-1932-2-cropped-png.png",
        "path": "/workspace/input/noma_bar/data/joseph_stalin/images/11_joseph-stalin-in-1932-2-cropped-png.png",
        "similarity": 0.030662378296256065
      },
      {
        "index": 9,
        "name": "13_joseph-stalin-in-1932-1-jpg.jpg",
        "path": "/workspace/input/noma_bar/data/joseph_stalin/images/13_joseph-stalin-in-1932-1-jpg.jpg",
        "similarity": 0.03813505917787552
      }
    ],
    "matrix": {
      "labels": [
        "portrait",
        "0",
        "1",
        "2",
        "3",
        "4",
        "5",
        "6",
        "7",
        "8",
        "9"
      ],
      "values": [
        [
          1.0,
          0.039767056703567505,
          -0.017171509563922882,
          -0.020225029438734055,
          0.0132877416908741,
          0.03209901973605156,
          0.034548524767160416,
          0.041802939027547836,
          0.04389294609427452,
          0.030662378296256065,
          0.03813505917787552
        ],
        [
          0.039767056703567505,
          1.0,
          0.4207223355770111,
          0.435886025428772,
          0.2423745095729828,
          0.31007635593414307,
          0.5070686936378479,
          0.9213364720344543,
          0.9625073075294495,
          0.4931427538394928,
          0.49651482701301575
        ],
        [
          -0.017171509563922882,
          0.4207223355770111,
          1.0,
          0.6265809535980225,
          0.2999594211578369,
          0.43547651171684265,
          0.47396236658096313,
          0.43745172023773193,
          0.4373447597026825,
          0.4536673426628113,
          0.48249751329421997
        ],
        [
          -0.020225029438734055,
          0.435886025428772,
          0.6265809535980225,
          1.0000001192092896,
          0.29486656188964844,
          0.376650869846344,
          0.4105250835418701,
          0.4359607994556427,
          0.46768659353256226,
          0.42282700538635254,
          0.3928251564502716
        ],
        [
          0.0132877416908741,
          0.2423745095729828,
          0.2999594211578369,
          0.29486656188964844,
          0.9999998807907104,
          0.21002352237701416,
          0.31563517451286316,
          0.25491365790367126,
          0.2466743141412735,
          0.26807186007499695,
          0.37669333815574646
        ],
        [
          0.03209901973605156,
          0.31007635593414307,
          0.43547651171684265,
          0.376650869846344,
          0.21002352237701416,
          1.0000001192092896,
          0.35435858368873596,
          0.3036881983280182,
          0.31634223461151123,
          0.30481839179992676,
          0.32534781098365784
        ],
        [
          0.034548524767160416,
          0.5070686936378479,
          0.47396236658096313,
          0.4105250835418701,
          0.31563517451286316,
          0.35435858368873596,
          1.0,
          0.5384724736213684,
          0.5138568878173828,
          0.6430274248123169,
          0.647839367389679
        ],
        [
          0.041802939027547836,
          0.9213364720344543,
          0.43745172023773193,
          0.4359607994556427,
          0.25491365790367126,
          0.3036881983280182,
          0.5384724736213684,
          1.0,
          0.9109867215156555,
          0.4308754801750183,
          0.48706120252609253
        ],
        [
          0.04389294609427452,
          0.9625073075294495,
          0.4373447597026825,
          0.46768659353256226,
          0.2466743141412735,
          0.31634223461151123,
          0.5138568878173828,
          0.9109867215156555,
          1.0,
          0.5072152614593506,
          0.5273521542549133
        ],
        [
          0.030662378296256065,
          0.4931427538394928,
          0.4536673426628113,
          0.42282700538635254,
          0.26807186007499695,
          0.30481839179992676,
          0.6430274248123169,
          0.4308754801750183,
          0.5072152614593506,
          1.0,
          0.6143673658370972
        ],
        [
          0.03813505917787552,
          0.49651482701301575,
          0.48249751329421997,
          0.3928251564502716,
          0.37669333815574646,
          0.32534781098365784,
          0.647839367389679,
          0.48706120252609253,
          0.5273521542549133,
          0.6143673658370972,
          1.0
        ]
      ]
    }
  },
  "images": [
    {
      "name": "01_joseph-stalin-1950-cropped-jpg.jpg",
      "path": "/workspace/input/noma_bar/data/joseph_stalin/images/01_joseph-stalin-1950-cropped-jpg.jpg"
    },
    {
      "name": "02_joseph-stalin-in-1902-jpg.jpg",
      "path": "/workspace/input/noma_bar/data/joseph_stalin/images/02_joseph-stalin-in-1902-jpg.jpg"
    },
    {
      "name": "03_joseph-stalin-front-jpg.jpg",
      "path": "/workspace/input/noma_bar/data/joseph_stalin/images/03_joseph-stalin-front-jpg.jpg"
    },
    {
      "name": "07_joseph-stalin-1911-mug-shot-jpg.jpg",
      "path": "/workspace/input/noma_bar/data/joseph_stalin/images/07_joseph-stalin-1911-mug-shot-jpg.jpg"
    },
    {
      "name": "08_joseph-stalin-in-1893-jpg.jpg",
      "path": "/workspace/input/noma_bar/data/joseph_stalin/images/08_joseph-stalin-in-1893-jpg.jpg"
    },
    {
      "name": "08_joseph-stalin-in-1932-4-cropped-2-colored-cropped-png.png",
      "path": "/workspace/input/noma_bar/data/joseph_stalin/images/08_joseph-stalin-in-1932-4-cropped-2-colored-cropped-png.png"
    },
    {
      "name": "09_joseph-stalin-1950-jpg.jpg",
      "path": "/workspace/input/noma_bar/data/joseph_stalin/images/09_joseph-stalin-1950-jpg.jpg"
    },
    {
      "name": "10_joseph-stalin-1950-close-cropped-jpg.jpg",
      "path": "/workspace/input/noma_bar/data/joseph_stalin/images/10_joseph-stalin-1950-close-cropped-jpg.jpg"
    },
    {
      "name": "11_joseph-stalin-in-1932-2-cropped-png.png",
      "path": "/workspace/input/noma_bar/data/joseph_stalin/images/11_joseph-stalin-in-1932-2-cropped-png.png"
    },
    {
      "name": "13_joseph-stalin-in-1932-1-jpg.jpg",
      "path": "/workspace/input/noma_bar/data/joseph_stalin/images/13_joseph-stalin-in-1932-1-jpg.jpg"
    }
  ],
  "pairs": [
    {
      "left": "/workspace/input/noma_bar/data/joseph_stalin/images/01_joseph-stalin-1950-cropped-jpg.jpg",
      "right": "/workspace/input/noma_bar/data/joseph_stalin/images/02_joseph-stalin-in-1902-jpg.jpg",
      "similarity": 0.4207223355770111
    },
    {
      "left": "/workspace/input/noma_bar/data/joseph_stalin/images/01_joseph-stalin-1950-cropped-jpg.jpg",
      "right": "/workspace/input/noma_bar/data/joseph_stalin/images/03_joseph-stalin-front-jpg.jpg",
      "similarity": 0.435886025428772
    },
    {
      "left": "/workspace/input/noma_bar/data/joseph_stalin/images/01_joseph-stalin-1950-cropped-jpg.jpg",
      "right": "/workspace/input/noma_bar/data/joseph_stalin/images/07_joseph-stalin-1911-mug-shot-jpg.jpg",
      "similarity": 0.2423745095729828
    },
    {
      "left": "/workspace/input/noma_bar/data/joseph_stalin/images/01_joseph-stalin-1950-cropped-jpg.jpg",
      "right": "/workspace/input/noma_bar/data/joseph_stalin/images/08_joseph-stalin-in-1893-jpg.jpg",
      "similarity": 0.31007635593414307
    },
    {
      "left": "/workspace/input/noma_bar/data/joseph_stalin/images/01_joseph-stalin-1950-cropped-jpg.jpg",
      "right": "/workspace/input/noma_bar/data/joseph_stalin/images/08_joseph-stalin-in-1932-4-cropped-2-colored-cropped-png.png",
      "similarity": 0.5070686936378479
    },
    {
      "left": "/workspace/input/noma_bar/data/joseph_stalin/images/01_joseph-stalin-1950-cropped-jpg.jpg",
      "right": "/workspace/input/noma_bar/data/joseph_stalin/images/09_joseph-stalin-1950-jpg.jpg",
      "similarity": 0.9213364720344543
    },
    {
      "left": "/workspace/input/noma_bar/data/joseph_stalin/images/01_joseph-stalin-1950-cropped-jpg.jpg",
      "right": "/workspace/input/noma_bar/data/joseph_stalin/images/10_joseph-stalin-1950-close-cropped-jpg.jpg",
      "similarity": 0.9625073075294495
    },
    {
      "left": "/workspace/input/noma_bar/data/joseph_stalin/images/01_joseph-stalin-1950-cropped-jpg.jpg",
      "right": "/workspace/input/noma_bar/data/joseph_stalin/images/11_joseph-stalin-in-1932-2-cropped-png.png",
      "similarity": 0.4931427538394928
    },
    {
      "left": "/workspace/input/noma_bar/data/joseph_stalin/images/01_joseph-stalin-1950-cropped-jpg.jpg",
      "right": "/workspace/input/noma_bar/data/joseph_stalin/images/13_joseph-stalin-in-1932-1-jpg.jpg",
      "similarity": 0.49651482701301575
    },
    {
      "left": "/workspace/input/noma_bar/data/joseph_stalin/images/02_joseph-stalin-in-1902-jpg.jpg",
      "right": "/workspace/input/noma_bar/data/joseph_stalin/images/03_joseph-stalin-front-jpg.jpg",
      "similarity": 0.6265809535980225
    },
    {
      "left": "/workspace/input/noma_bar/data/joseph_stalin/images/02_joseph-stalin-in-1902-jpg.jpg",
      "right": "/workspace/input/noma_bar/data/joseph_stalin/images/07_joseph-stalin-1911-mug-shot-jpg.jpg",
      "similarity": 0.2999594211578369
    },
    {
      "left": "/workspace/input/noma_bar/data/joseph_stalin/images/02_joseph-stalin-in-1902-jpg.jpg",
      "right": "/workspace/input/noma_bar/data/joseph_stalin/images/08_joseph-stalin-in-1893-jpg.jpg",
      "similarity": 0.43547651171684265
    },
    {
      "left": "/workspace/input/noma_bar/data/joseph_stalin/images/02_joseph-stalin-in-1902-jpg.jpg",
      "right": "/workspace/input/noma_bar/data/joseph_stalin/images/08_joseph-stalin-in-1932-4-cropped-2-colored-cropped-png.png",
      "similarity": 0.47396236658096313
    },
    {
      "left": "/workspace/input/noma_bar/data/joseph_stalin/images/02_joseph-stalin-in-1902-jpg.jpg",
      "right": "/workspace/input/noma_bar/data/joseph_stalin/images/09_joseph-stalin-1950-jpg.jpg",
      "similarity": 0.43745172023773193
    },
    {
      "left": "/workspace/input/noma_bar/data/joseph_stalin/images/02_joseph-stalin-in-1902-jpg.jpg",
      "right": "/workspace/input/noma_bar/data/joseph_stalin/images/10_joseph-stalin-1950-close-cropped-jpg.jpg",
      "similarity": 0.4373447597026825
    },
    {
      "left": "/workspace/input/noma_bar/data/joseph_stalin/images/02_joseph-stalin-in-1902-jpg.jpg",
      "right": "/workspace/input/noma_bar/data/joseph_stalin/images/11_joseph-stalin-in-1932-2-cropped-png.png",
      "similarity": 0.4536673426628113
    },
    {
      "left": "/workspace/input/noma_bar/data/joseph_stalin/images/02_joseph-stalin-in-1902-jpg.jpg",
      "right": "/workspace/input/noma_bar/data/joseph_stalin/images/13_joseph-stalin-in-1932-1-jpg.jpg",
      "similarity": 0.48249751329421997
    },
    {
      "left": "/workspace/input/noma_bar/data/joseph_stalin/images/03_joseph-stalin-front-jpg.jpg",
      "right": "/workspace/input/noma_bar/data/joseph_stalin/images/07_joseph-stalin-1911-mug-shot-jpg.jpg",
      "similarity": 0.29486656188964844
    },
    {
      "left": "/workspace/input/noma_bar/data/joseph_stalin/images/03_joseph-stalin-front-jpg.jpg",
      "right": "/workspace/input/noma_bar/data/joseph_stalin/images/08_joseph-stalin-in-1893-jpg.jpg",
      "similarity": 0.376650869846344
    },
    {
      "left": "/workspace/input/noma_bar/data/joseph_stalin/images/03_joseph-stalin-front-jpg.jpg",
      "right": "/workspace/input/noma_bar/data/joseph_stalin/images/08_joseph-stalin-in-1932-4-cropped-2-colored-cropped-png.png",
      "similarity": 0.4105250835418701
    },
    {
      "left": "/workspace/input/noma_bar/data/joseph_stalin/images/03_joseph-stalin-front-jpg.jpg",
      "right": "/workspace/input/noma_bar/data/joseph_stalin/images/09_joseph-stalin-1950-jpg.jpg",
      "similarity": 0.4359607994556427
    },
    {
      "left": "/workspace/input/noma_bar/data/joseph_stalin/images/03_joseph-stalin-front-jpg.jpg",
      "right": "/workspace/input/noma_bar/data/joseph_stalin/images/10_joseph-stalin-1950-close-cropped-jpg.jpg",
      "similarity": 0.46768659353256226
    },
    {
      "left": "/workspace/input/noma_bar/data/joseph_stalin/images/03_joseph-stalin-front-jpg.jpg",
      "right": "/workspace/input/noma_bar/data/joseph_stalin/images/11_joseph-stalin-in-1932-2-cropped-png.png",
      "similarity": 0.42282700538635254
    },
    {
      "left": "/workspace/input/noma_bar/data/joseph_stalin/images/03_joseph-stalin-front-jpg.jpg",
      "right": "/workspace/input/noma_bar/data/joseph_stalin/images/13_joseph-stalin-in-1932-1-jpg.jpg",
      "similarity": 0.3928251564502716
    },
    {
      "left": "/workspace/input/noma_bar/data/joseph_stalin/images/07_joseph-stalin-1911-mug-shot-jpg.jpg",
      "right": "/workspace/input/noma_bar/data/joseph_stalin/images/08_joseph-stalin-in-1893-jpg.jpg",
      "similarity": 0.21002352237701416
    },
    {
      "left": "/workspace/input/noma_bar/data/joseph_stalin/images/07_joseph-stalin-1911-mug-shot-jpg.jpg",
      "right": "/workspace/input/noma_bar/data/joseph_stalin/images/08_joseph-stalin-in-1932-4-cropped-2-colored-cropped-png.png",
      "similarity": 0.31563517451286316
    },
    {
      "left": "/workspace/input/noma_bar/data/joseph_stalin/images/07_joseph-stalin-1911-mug-shot-jpg.jpg",
      "right": "/workspace/input/noma_bar/data/joseph_stalin/images/09_joseph-stalin-1950-jpg.jpg",
      "similarity": 0.25491365790367126
    },
    {
      "left": "/workspace/input/noma_bar/data/joseph_stalin/images/07_joseph-stalin-1911-mug-shot-jpg.jpg",
      "right": "/workspace/input/noma_bar/data/joseph_stalin/images/10_joseph-stalin-1950-close-cropped-jpg.jpg",
      "similarity": 0.2466743141412735
    },
    {
      "left": "/workspace/input/noma_bar/data/joseph_stalin/images/07_joseph-stalin-1911-mug-shot-jpg.jpg",
      "right": "/workspace/input/noma_bar/data/joseph_stalin/images/11_joseph-stalin-in-1932-2-cropped-png.png",
      "similarity": 0.26807186007499695
    },
    {
      "left": "/workspace/input/noma_bar/data/joseph_stalin/images/07_joseph-stalin-1911-mug-shot-jpg.jpg",
      "right": "/workspace/input/noma_bar/data/joseph_stalin/images/13_joseph-stalin-in-1932-1-jpg.jpg",
      "similarity": 0.37669333815574646
    },
    {
      "left": "/workspace/input/noma_bar/data/joseph_stalin/images/08_joseph-stalin-in-1893-jpg.jpg",
      "right": "/workspace/input/noma_bar/data/joseph_stalin/images/08_joseph-stalin-in-1932-4-cropped-2-colored-cropped-png.png",
      "similarity": 0.35435858368873596
    },
    {
      "left": "/workspace/input/noma_bar/data/joseph_stalin/images/08_joseph-stalin-in-1893-jpg.jpg",
      "right": "/workspace/input/noma_bar/data/joseph_stalin/images/09_joseph-stalin-1950-jpg.jpg",
      "similarity": 0.3036881983280182
    },
    {
      "left": "/workspace/input/noma_bar/data/joseph_stalin/images/08_joseph-stalin-in-1893-jpg.jpg",
      "right": "/workspace/input/noma_bar/data/joseph_stalin/images/10_joseph-stalin-1950-close-cropped-jpg.jpg",
      "similarity": 0.31634223461151123
    },
    {
      "left": "/workspace/input/noma_bar/data/joseph_stalin/images/08_joseph-stalin-in-1893-jpg.jpg",
      "right": "/workspace/input/noma_bar/data/joseph_stalin/images/11_joseph-stalin-in-1932-2-cropped-png.png",
      "similarity": 0.30481839179992676
    },
    {
      "left": "/workspace/input/noma_bar/data/joseph_stalin/images/08_joseph-stalin-in-1893-jpg.jpg",
      "right": "/workspace/input/noma_bar/data/joseph_stalin/images/13_joseph-stalin-in-1932-1-jpg.jpg",
      "similarity": 0.32534781098365784
    },
    {
      "left": "/workspace/input/noma_bar/data/joseph_stalin/images/08_joseph-stalin-in-1932-4-cropped-2-colored-cropped-png.png",
      "right": "/workspace/input/noma_bar/data/joseph_stalin/images/09_joseph-stalin-1950-jpg.jpg",
      "similarity": 0.5384724736213684
    },
    {
      "left": "/workspace/input/noma_bar/data/joseph_stalin/images/08_joseph-stalin-in-1932-4-cropped-2-colored-cropped-png.png",
      "right": "/workspace/input/noma_bar/data/joseph_stalin/images/10_joseph-stalin-1950-close-cropped-jpg.jpg",
      "similarity": 0.5138568878173828
    },
    {
      "left": "/workspace/input/noma_bar/data/joseph_stalin/images/08_joseph-stalin-in-1932-4-cropped-2-colored-cropped-png.png",
      "right": "/workspace/input/noma_bar/data/joseph_stalin/images/11_joseph-stalin-in-1932-2-cropped-png.png",
      "similarity": 0.6430274248123169
    },
    {
      "left": "/workspace/input/noma_bar/data/joseph_stalin/images/08_joseph-stalin-in-1932-4-cropped-2-colored-cropped-png.png",
      "right": "/workspace/input/noma_bar/data/joseph_stalin/images/13_joseph-stalin-in-1932-1-jpg.jpg",
      "similarity": 0.647839367389679
    },
    {
      "left": "/workspace/input/noma_bar/data/joseph_stalin/images/09_joseph-stalin-1950-jpg.jpg",
      "right": "/workspace/input/noma_bar/data/joseph_stalin/images/10_joseph-stalin-1950-close-cropped-jpg.jpg",
      "similarity": 0.9109867215156555
    },
    {
      "left": "/workspace/input/noma_bar/data/joseph_stalin/images/09_joseph-stalin-1950-jpg.jpg",
      "right": "/workspace/input/noma_bar/data/joseph_stalin/images/11_joseph-stalin-in-1932-2-cropped-png.png",
      "similarity": 0.4308754801750183
    },
    {
      "left": "/workspace/input/noma_bar/data/joseph_stalin/images/09_joseph-stalin-1950-jpg.jpg",
      "right": "/workspace/input/noma_bar/data/joseph_stalin/images/13_joseph-stalin-in-1932-1-jpg.jpg",
      "similarity": 0.48706120252609253
    },
    {
      "left": "/workspace/input/noma_bar/data/joseph_stalin/images/10_joseph-stalin-1950-close-cropped-jpg.jpg",
      "right": "/workspace/input/noma_bar/data/joseph_stalin/images/11_joseph-stalin-in-1932-2-cropped-png.png",
      "similarity": 0.5072152614593506
    },
    {
      "left": "/workspace/input/noma_bar/data/joseph_stalin/images/10_joseph-stalin-1950-close-cropped-jpg.jpg",
      "right": "/workspace/input/noma_bar/data/joseph_stalin/images/13_joseph-stalin-in-1932-1-jpg.jpg",
      "similarity": 0.5273521542549133
    },
    {
      "left": "/workspace/input/noma_bar/data/joseph_stalin/images/11_joseph-stalin-in-1932-2-cropped-png.png",
      "right": "/workspace/input/noma_bar/data/joseph_stalin/images/13_joseph-stalin-in-1932-1-jpg.jpg",
      "similarity": 0.6143673658370972
    }
  ],
  "matrix": {
    "labels": [
      "01_joseph-stalin-1950-cropped-jpg.jpg",
      "02_joseph-stalin-in-1902-jpg.jpg",
      "03_joseph-stalin-front-jpg.jpg",
      "07_joseph-stalin-1911-mug-shot-jpg.jpg",
      "08_joseph-stalin-in-1893-jpg.jpg",
      "08_joseph-stalin-in-1932-4-cropped-2-colored-cropped-png.png",
      "09_joseph-stalin-1950-jpg.jpg",
      "10_joseph-stalin-1950-close-cropped-jpg.jpg",
      "11_joseph-stalin-in-1932-2-cropped-png.png",
      "13_joseph-stalin-in-1932-1-jpg.jpg"
    ],
    "values": [
      [
        1.0,
        0.4207223355770111,
        0.435886025428772,
        0.2423745095729828,
        0.31007635593414307,
        0.5070686936378479,
        0.9213364720344543,
        0.9625073075294495,
        0.4931427538394928,
        0.49651482701301575
      ],
      [
        0.4207223355770111,
        1.0,
        0.6265809535980225,
        0.2999594211578369,
        0.43547651171684265,
        0.47396236658096313,
        0.43745172023773193,
        0.4373447597026825,
        0.4536673426628113,
        0.48249751329421997
      ],
      [
        0.435886025428772,
        0.6265809535980225,
        1.0000001192092896,
        0.29486656188964844,
        0.376650869846344,
        0.4105250835418701,
        0.4359607994556427,
        0.46768659353256226,
        0.42282700538635254,
        0.3928251564502716
      ],
      [
        0.2423745095729828,
        0.2999594211578369,
        0.29486656188964844,
        0.9999998807907104,
        0.21002352237701416,
        0.31563517451286316,
        0.25491365790367126,
        0.2466743141412735,
        0.26807186007499695,
        0.37669333815574646
      ],
      [
        0.31007635593414307,
        0.43547651171684265,
        0.376650869846344,
        0.21002352237701416,
        1.0000001192092896,
        0.35435858368873596,
        0.3036881983280182,
        0.31634223461151123,
        0.30481839179992676,
        0.32534781098365784
      ],
      [
        0.5070686936378479,
        0.47396236658096313,
        0.4105250835418701,
        0.31563517451286316,
        0.35435858368873596,
        1.0,
        0.5384724736213684,
        0.5138568878173828,
        0.6430274248123169,
        0.647839367389679
      ],
      [
        0.9213364720344543,
        0.43745172023773193,
        0.4359607994556427,
        0.25491365790367126,
        0.3036881983280182,
        0.5384724736213684,
        1.0,
        0.9109867215156555,
        0.4308754801750183,
        0.48706120252609253
      ],
      [
        0.9625073075294495,
        0.4373447597026825,
        0.46768659353256226,
        0.2466743141412735,
        0.31634223461151123,
        0.5138568878173828,
        0.9109867215156555,
        1.0,
        0.5072152614593506,
        0.5273521542549133
      ],
      [
        0.4931427538394928,
        0.4536673426628113,
        0.42282700538635254,
        0.26807186007499695,
        0.30481839179992676,
        0.6430274248123169,
        0.4308754801750183,
        0.5072152614593506,
        1.0,
        0.6143673658370972
      ],
      [
        0.49651482701301575,
        0.48249751329421997,
        0.3928251564502716,
        0.37669333815574646,
        0.32534781098365784,
        0.647839367389679,
        0.48706120252609253,
        0.5273521542549133,
        0.6143673658370972,
        1.0
      ]
    ]
  },
  "errors": [
    {
      "path": "/workspace/input/noma_bar/data/joseph_stalin/portrait.jpg",
      "error": "No face detected in /workspace/input/noma_bar/data/joseph_stalin/portrait.jpg"
    }
  ]
}