window.APP_DATA = {
  "datasets": {
    "piven": {
      "label": "piven",
      "root": "data/piven",
      "subjects": [
        {
          "slug": "aharon_barak",
          "name": "aharon barak",
          "bio": "Aharon Barak (Hebrew: \u05d0\u05d4\u05e8\u05df \u05d1\u05e8\u05e7; born Erik Brick; 16 September 1936) is an Israeli lawyer and jurist who served as President of the Supreme Court of Israel from 1995 to 2006. Prior to this, Barak served as a Justice of the Supreme Court of Israel from 1978 to 1995, and before this as Attorney General of Israel from 1975 to 1978.\nBorn in Lithuania in 1936 and having survived the Holocaust, he and his family later immigrated to Mandatory Palestine in 1947. He studied law, international relations and economics at the Hebrew University of Jerusalem, and obtained his Bachelor of Laws in 1958. Between 1958 and 1960, he was drafted into the Israeli military.\nFrom 1974 to 1975, Barak was dean of the law faculty of the Hebrew University of Jerusalem. Barak is currently a law professor at Reichman University in Herzliya, and has taught at institutions including Yale Law School, Central European University, Georgetown University Law Center, and the University of Toronto Faculty of Law.",
          "portraitPath": "data/piven/aharon_barak/portrait.jpg",
          "croppedImages": [
            {
              "index": 0,
              "path": "data/piven/aharon_barak/cropped_images/0.jpg"
            },
            {
              "index": 1,
              "path": "data/piven/aharon_barak/cropped_images/1.jpg"
            },
            {
              "index": 2,
              "path": "data/piven/aharon_barak/cropped_images/2.jpg"
            },
            {
              "index": 3,
              "path": "data/piven/aharon_barak/cropped_images/3.jpg"
            },
            {
              "index": 4,
              "path": "data/piven/aharon_barak/cropped_images/4.jpg"
            },
            {
              "index": 5,
              "path": "data/piven/aharon_barak/cropped_images/5.jpg"
            },
            {
              "index": 6,
              "path": "data/piven/aharon_barak/cropped_images/6.jpg"
            },
            {
              "index": 7,
              "path": "data/piven/aharon_barak/cropped_images/7.jpg"
            },
            {
              "index": 8,
              "path": "data/piven/aharon_barak/cropped_images/8.jpg"
            },
            {
              "index": 9,
              "path": "data/piven/aharon_barak/cropped_images/9.jpg"
            },
            {
              "index": 10,
              "path": "data/piven/aharon_barak/cropped_images/10.jpg"
            }
          ],
          "portraitElements": [
            "yarn",
            "clock faces",
            "rubber rings",
            "clothespin",
            "wire"
          ],
          "bioElements": [
            "court bench",
            "barbed wire line",
            "gavel block",
            "scales emblem",
            "medal bar"
          ],
          "metaSources": [
            {
              "subject": "aharon barak",
              "source": "Wikipedia",
              "source_url": "https://en.wikipedia.org/wiki/Aharon_Barak"
            }
          ],
          "imageSimilarity": {
            "jsonPath": "data/piven/aharon_barak/lvface_pairwise_similarities.json",
            "matrixLabels": [
              "portrait",
              "0",
              "1",
              "2",
              "3",
              "4",
              "5",
              "6",
              "7",
              "8",
              "9",
              "10"
            ],
            "matrixValues": [
              [
                1.0,
                -0.003980601672083139,
                -0.009373825043439865,
                -0.009011661633849144,
                0.003801410784944892,
                -0.06358915567398071,
                -0.05037059262394905,
                0.026525937020778656,
                0.0006714146002195776,
                0.016341309994459152,
                -0.020100055262446404,
                -0.00762319378554821
              ],
              [
                -0.003980601672083139,
                1.0,
                -0.01890520192682743,
                -0.04946037009358406,
                -0.033647675067186356,
                -0.03206182271242142,
                -0.0561569407582283,
                -0.08481568098068237,
                -0.1401677280664444,
                -0.034924667328596115,
                -0.03278025984764099,
                -0.07881469279527664
              ],
              [
                -0.009373825043439865,
                -0.01890520192682743,
                1.0000001192092896,
                0.4736168086528778,
                0.6066460013389587,
                0.01976645179092884,
                0.02981947921216488,
                0.33261170983314514,
                0.20109671354293823,
                0.5808312296867371,
                0.684390127658844,
                0.37376609444618225
              ],
              [
                -0.009011661633849144,
                -0.04946037009358406,
                0.4736168086528778,
                1.0,
                0.44885024428367615,
                0.06728123128414154,
                0.09109873324632645,
                0.3801099956035614,
                0.22169457376003265,
                0.4195813238620758,
                0.39445072412490845,
                0.46707916259765625
              ],
              [
                0.003801410784944892,
                -0.033647675067186356,
                0.6066460013389587,
                0.44885024428367615,
                0.9999999403953552,
                -0.015709705650806427,
                -0.011906265281140804,
                0.34388837218284607,
                0.19720786809921265,
                0.9258983731269836,
                0.5752180218696594,
                0.39512279629707336
              ],
              [
                -0.06358915567398071,
                -0.03206182271242142,
                0.01976645179092884,
                0.06728123128414154,
                -0.015709705650806427,
                1.0000001192092896,
                0.949587345123291,
                0.004458986688405275,
                0.01652236096560955,
                0.0289921797811985,
                0.008813844062387943,
                -0.039089083671569824
              ],
              [
                -0.05037059262394905,
                -0.0561569407582283,
                0.02981947921216488,
                0.09109873324632645,
                -0.011906265281140804,
                0.949587345123291,
                1.0,
                0.010421747341752052,
                0.03251054510474205,
                0.0004043361113872379,
                0.016501814126968384,
                -0.02430088259279728
              ],
              [
                0.026525937020778656,
                -0.08481568098068237,
                0.33261170983314514,
                0.3801099956035614,
                0.34388837218284607,
                0.004458986688405275,
                0.010421747341752052,
                1.0,
                0.38183167576789856,
                0.38471460342407227,
                0.33466923236846924,
                0.49820083379745483
              ],
              [
                0.0006714146002195776,
                -0.1401677280664444,
                0.20109671354293823,
                0.22169457376003265,
                0.19720786809921265,
                0.01652236096560955,
                0.03251054510474205,
                0.38183167576789856,
                1.0,
                0.20290985703468323,
                0.19602513313293457,
                0.2920140027999878
              ],
              [
                0.016341309994459152,
                -0.034924667328596115,
                0.5808312296867371,
                0.4195813238620758,
                0.9258983731269836,
                0.0289921797811985,
                0.0004043361113872379,
                0.38471460342407227,
                0.20290985703468323,
                1.0000001192092896,
                0.610350489616394,
                0.3837396502494812
              ],
              [
                -0.020100055262446404,
                -0.03278025984764099,
                0.684390127658844,
                0.39445072412490845,
                0.5752180218696594,
                0.008813844062387943,
                0.016501814126968384,
                0.33466923236846924,
                0.19602513313293457,
                0.610350489616394,
                1.0000001192092896,
                0.27264490723609924
              ],
              [
                -0.00762319378554821,
                -0.07881469279527664,
                0.37376609444618225,
                0.46707916259765625,
                0.39512279629707336,
                -0.039089083671569824,
                -0.02430088259279728,
                0.49820083379745483,
                0.2920140027999878,
                0.3837396502494812,
                0.27264490723609924,
                1.0000001192092896
              ]
            ],
            "plotPath": "data/piven/aharon_barak/lvface_similarity_matrix_with_portrait.png",
            "basePlotPath": "data/piven/aharon_barak/lvface_similarity_matrix.png"
          },
          "textSimilarity": {
            "jsonPath": "data/piven/aharon_barak/meta_text_similarities.json",
            "bioVsPortrait": {
              "row_labels": [
                "bio"
              ],
              "column_labels": [
                "yarn",
                "clock faces",
                "rubber rings",
                "clothespin",
                "wire"
              ],
              "values": [
                [
                  0.008284389972686768,
                  0.004531431943178177,
                  0.049830079078674316,
                  -0.04238962009549141,
                  -0.04822669178247452
                ]
              ]
            },
            "bioElementsVsPortrait": {
              "row_labels": [
                "court bench",
                "barbed wire line",
                "gavel block",
                "scales emblem",
                "medal bar"
              ],
              "column_labels": [
                "yarn",
                "clock faces",
                "rubber rings",
                "clothespin",
                "wire"
              ],
              "values": [
                [
                  0.11583872884511948,
                  0.12942105531692505,
                  0.005337398499250412,
                  0.0753355473279953,
                  0.10256681591272354
                ],
                [
                  0.17889150977134705,
                  0.18144457042217255,
                  0.21781322360038757,
                  0.33111774921417236,
                  0.48481494188308716
                ],
                [
                  0.11785992980003357,
                  0.16495509445667267,
                  0.10652722418308258,
                  0.21814846992492676,
                  0.15892907977104187
                ],
                [
                  0.2375853806734085,
                  0.2728174924850464,
                  0.12380598485469818,
                  0.18078014254570007,
                  0.1526699811220169
                ],
                [
                  0.07652640342712402,
                  0.13247938454151154,
                  0.1328698694705963,
                  0.25681453943252563,
                  0.1858041137456894
                ]
              ]
            },
            "bioVsPortraitPlotPath": "data/piven/aharon_barak/bio_vs_portrait_text_similarity_matrix.png",
            "bioElementsPlotPath": "data/piven/aharon_barak/bio_elements_vs_portrait_text_similarity_matrix.png"
          }
        },
        {
          "slug": "albert_einstein",
          "name": "albert einstein",
          "bio": "Albert Einstein (14 March 1879 \u2013 18 April 1955) was a German-born theoretical physicist best known for developing the theory of relativity. Einstein also made important contributions to quantum theory. His mass\u2013energy equivalence formula E = mc2, which arises from special relativity, has been called \"the world's most famous equation\". He received the 1921 Nobel Prize in Physics for \"his services to theoretical physics, and especially for his discovery of the law of the photoelectric effect\".\nBorn as a subject to the Kingdom of W\u00fcrttemberg, part of the German Empire, Einstein moved to Switzerland in 1895, forsaking his citizenship the following year. In 1897, at the age of seventeen, he enrolled in the mathematics and physics teaching diploma program at the Swiss federal polytechnic school in Zurich, graduating in 1900. He acquired Swiss citizenship a year later, which he kept for the rest of his life, and afterwards secured a permanent position at the Swiss Patent Office in Bern. In 1905, he submitted a successful PhD dissertation to the University of Zurich. In 1914, he moved to Berlin to join the Prussian Academy of Sciences and the Humboldt University of Berlin, becoming director of the Kaiser Wilhelm Institute for Physics in 1917; he also became a Prussian and consequently also German citizen again. In 1933, while Einstein was visiting the United States, Adolf Hitler came to power in Germany. Horrified by the Nazi persecution of his fellow Jews, he decided to remain in the US, and was granted American citizenship in 1940. On the eve of World War II, he endorsed a letter to President Franklin D. Roosevelt alerting him to the potential German nuclear weapons program and recommending that the US begin similar research, later carried out as the Manhattan Project.\nIn 1905, sometimes described as his annus mirabilis (miracle year), he published four groundbreaking papers. In them, he outlined a theory of the photoelectric effect, explained Brownian motion, introduced his special theory of relativity, and demonstrated that if the special theory is correct, mass and energy are equivalent to each other. In 1915, he proposed a general theory of relativity that extended his system of mechanics to incorporate gravitation. A paper that he published the following year laid out the implications of general relativity for the modeling of the structure and evolution of the universe as a whole. It introduced the cosmological constant and is further regarded as the first step in the field of modern theoretical cosmology. In 1917, Einstein wrote a paper which introduced the concepts of spontaneous emission and stimulated emission, the latter of which is the core mechanism behind the laser and maser, and which contained a trove of information that would be beneficial to developments in physics later on, such as quantum electrodynamics and quantum optics.\nIn the middle part of his career, Einstein made important contributions to statistical mechanics and quantum theory. Especially notable was his work on the quantum physics of radiation, in which light consists of particles, subsequently called photons. With physicist Satyendra Nath Bose, he laid the groundwork for Bose\u2013Einstein statistics. For much of the last phase of his academic life, Einstein worked on two endeavors that ultimately proved unsuccessful. First, he advocated against quantum theory's introduction of fundamental randomness into science's picture of the world, objecting that \"God does not play dice\". Second, he attempted to devise a unified field theory by generalizing his geometric theory of gravitation to include electromagnetism. As a result, he became increasingly isolated from mainstream modern physics. Many things are named after him, including the element Einsteinium. In 1999, he was named Time's  Person of the Century.",
          "portraitPath": "data/piven/albert_einstein/portrait.jpg",
          "croppedImages": [
            {
              "index": 0,
              "path": "data/piven/albert_einstein/cropped_images/0.jpg"
            },
            {
              "index": 1,
              "path": "data/piven/albert_einstein/cropped_images/1.jpg"
            },
            {
              "index": 2,
              "path": "data/piven/albert_einstein/cropped_images/2.jpg"
            },
            {
              "index": 3,
              "path": "data/piven/albert_einstein/cropped_images/3.jpg"
            },
            {
              "index": 4,
              "path": "data/piven/albert_einstein/cropped_images/4.jpg"
            },
            {
              "index": 5,
              "path": "data/piven/albert_einstein/cropped_images/5.jpg"
            },
            {
              "index": 6,
              "path": "data/piven/albert_einstein/cropped_images/6.jpg"
            },
            {
              "index": 7,
              "path": "data/piven/albert_einstein/cropped_images/7.jpg"
            },
            {
              "index": 8,
              "path": "data/piven/albert_einstein/cropped_images/8.jpg"
            },
            {
              "index": 9,
              "path": "data/piven/albert_einstein/cropped_images/9.jpg"
            }
          ],
          "portraitElements": [
            "electrical wires",
            "washers",
            "light bulb",
            "wire pieces"
          ],
          "bioElements": [
            "medal disk",
            "atom emblem",
            "equation lattice",
            "laboratory glassware",
            "light beam"
          ],
          "metaSources": [
            {
              "subject": "albert einstein",
              "source": "Wikipedia",
              "source_url": "https://en.wikipedia.org/wiki/Albert_Einstein"
            }
          ],
          "imageSimilarity": {
            "jsonPath": "data/piven/albert_einstein/lvface_pairwise_similarities.json",
            "matrixLabels": [
              "portrait",
              "0",
              "1",
              "2",
              "3",
              "4",
              "5",
              "6",
              "7",
              "8",
              "9"
            ],
            "matrixValues": [
              [
                1.0,
                0.03448356315493584,
                0.026870882138609886,
                0.06294754147529602,
                0.07147283852100372,
                0.04915492609143257,
                0.06518916040658951,
                0.08931556344032288,
                0.05989004299044609,
                0.056558892130851746,
                0.04608181118965149
              ],
              [
                0.03448356315493584,
                0.9999999403953552,
                0.898758590221405,
                0.576016902923584,
                0.510158360004425,
                0.5005988478660583,
                0.40817221999168396,
                0.47919586300849915,
                0.4641646146774292,
                0.03521736338734627,
                0.023779241368174553
              ],
              [
                0.026870882138609886,
                0.898758590221405,
                0.9999999403953552,
                0.49614354968070984,
                0.47342029213905334,
                0.460231214761734,
                0.3532160520553589,
                0.432849645614624,
                0.49371659755706787,
                0.04380529001355171,
                0.04098859429359436
              ],
              [
                0.06294754147529602,
                0.576016902923584,
                0.49614354968070984,
                1.0,
                0.493636816740036,
                0.5307676196098328,
                0.45020827651023865,
                0.5809676647186279,
                0.46342360973358154,
                0.0636068731546402,
                0.056245218962430954
              ],
              [
                0.07147283852100372,
                0.510158360004425,
                0.47342029213905334,
                0.493636816740036,
                1.0,
                0.8869352340698242,
                0.5671372413635254,
                0.46495720744132996,
                0.4595560133457184,
                0.061475057154893875,
                0.060629405081272125
              ],
              [
                0.04915492609143257,
                0.5005988478660583,
                0.460231214761734,
                0.5307676196098328,
                0.8869352340698242,
                1.0,
                0.58199143409729,
                0.3793458640575409,
                0.5052769184112549,
                0.036070097237825394,
                0.06098296865820885
              ],
              [
                0.06518916040658951,
                0.40817221999168396,
                0.3532160520553589,
                0.45020827651023865,
                0.5671372413635254,
                0.58199143409729,
                1.0,
                0.3437018096446991,
                0.44762566685676575,
                0.0030645146034657955,
                -0.029216613620519638
              ],
              [
                0.08931556344032288,
                0.47919586300849915,
                0.432849645614624,
                0.5809676647186279,
                0.46495720744132996,
                0.3793458640575409,
                0.3437018096446991,
                1.0,
                0.4076988995075226,
                0.09045833349227905,
                0.10456410050392151
              ],
              [
                0.05989004299044609,
                0.4641646146774292,
                0.49371659755706787,
                0.46342360973358154,
                0.4595560133457184,
                0.5052769184112549,
                0.44762566685676575,
                0.4076988995075226,
                1.0,
                -0.008140421472489834,
                0.006071598269045353
              ],
              [
                0.056558892130851746,
                0.03521736338734627,
                0.04380529001355171,
                0.0636068731546402,
                0.061475057154893875,
                0.036070097237825394,
                0.0030645146034657955,
                0.09045833349227905,
                -0.008140421472489834,
                0.9999999403953552,
                0.8984664082527161
              ],
              [
                0.04608181118965149,
                0.023779241368174553,
                0.04098859429359436,
                0.056245218962430954,
                0.060629405081272125,
                0.06098296865820885,
                -0.029216613620519638,
                0.10456410050392151,
                0.006071598269045353,
                0.8984664082527161,
                1.0000001192092896
              ]
            ],
            "plotPath": "data/piven/albert_einstein/lvface_similarity_matrix_with_portrait.png",
            "basePlotPath": "data/piven/albert_einstein/lvface_similarity_matrix.png"
          },
          "textSimilarity": {
            "jsonPath": "data/piven/albert_einstein/meta_text_similarities.json",
            "bioVsPortrait": {
              "row_labels": [
                "bio"
              ],
              "column_labels": [
                "electrical wires",
                "washers",
                "light bulb",
                "wire pieces"
              ],
              "values": [
                [
                  0.07370169460773468,
                  -0.055881671607494354,
                  0.11132596433162689,
                  -0.03246283531188965
                ]
              ]
            },
            "bioElementsVsPortrait": {
              "row_labels": [
                "medal disk",
                "atom emblem",
                "equation lattice",
                "laboratory glassware",
                "light beam"
              ],
              "column_labels": [
                "electrical wires",
                "washers",
                "light bulb",
                "wire pieces"
              ],
              "values": [
                [
                  0.10745632648468018,
                  0.19496390223503113,
                  0.16063308715820312,
                  0.20173105597496033
                ],
                [
                  0.09907817840576172,
                  0.13749811053276062,
                  0.2161920666694641,
                  0.15951229631900787
                ],
                [
                  0.1394679844379425,
                  0.12901899218559265,
                  0.14074721932411194,
                  0.19007228314876556
                ],
                [
                  0.21222463250160217,
                  0.2690102159976959,
                  0.30004388093948364,
                  0.29996657371520996
                ],
                [
                  0.2077425718307495,
                  0.08170264959335327,
                  0.6764612197875977,
                  0.2654367983341217
                ]
              ]
            },
            "bioVsPortraitPlotPath": "data/piven/albert_einstein/bio_vs_portrait_text_similarity_matrix.png",
            "bioElementsPlotPath": "data/piven/albert_einstein/bio_elements_vs_portrait_text_similarity_matrix.png"
          }
        },
        {
          "slug": "amnon_zichroni",
          "name": "amnon zichroni",
          "bio": "Mordechai Vanunu (Hebrew: \u05de\u05e8\u05d3\u05db\u05d9 \u05d5\u05d0\u05e0\u05d5\u05e0\u05d5\u200e; Hebrew pronunciation: [mo\u0281de\u02c8\u03c7aj va\u02c8nunu]; ; Arabic: \u0645\u0631\u062f\u062e\u0627\u064a \u0641\u0639\u0646\u0648\u0646\u0648; Arabic pronunciation: [murdaxaj fa\u0295nu\u02d0nu]; born 14 October 1952), also known as John Crossman, is an Israeli former nuclear technician and peace activist who, citing his opposition to weapons of mass destruction, revealed details of Israel's nuclear weapons program to the British press in 1986. He was subsequently lured from Britain to Italy by the Israeli intelligence agency Mossad, where he was drugged and abducted. He was secretly transported to Israel and ultimately convicted in a trial that was held behind closed doors.\nVanunu spent 18 years in prison, including more than 11 in solitary confinement, though no such restriction is mentioned in Israel's penal code, nor imposed by his verdict. Released from prison in 2004, he was further subjected to a broad array of restrictions on his speech and his movement and arrested several times for violations of his parole terms, giving interviews to foreign journalists and attempting to leave Israel. He claims to have suffered from \"cruel and barbaric treatment\" at the hands of prison authorities and suggests that things would have been different if he had not converted to Christianity.\nIn 2007 Vanunu was sentenced to six months in prison for violating terms of his parole. The sentence was considered unusually severe even by the prosecution, who expected a suspended sentence. In response, Amnesty International issued a press release in July 2007, stating that \"The organization considers Mordechai Vanunu to be a prisoner of conscience and calls for his immediate and unconditional release.\" In May 2010 Vanunu was arrested again and sentenced to three months in jail on a charge that he had met foreigners, in violation of conditions of his 2004 release from prison.\nVanunu has been characterized internationally as a whistleblower.  American whistleblower Daniel Ellsberg has referred to him as \"the preeminent hero of the nuclear era\". In 1987, he was awarded the Right Livelihood Award for \"his courage and self-sacrifice in revealing the extent of Israel's nuclear weapons program\". Israel claims and regards Vanunu as a traitor.",
          "portraitPath": "data/piven/amnon_zichroni/portrait.jpg",
          "croppedImages": [
            {
              "index": 0,
              "path": "data/piven/amnon_zichroni/cropped_images/0.jpg"
            },
            {
              "index": 1,
              "path": "data/piven/amnon_zichroni/cropped_images/1.jpg"
            },
            {
              "index": 2,
              "path": "data/piven/amnon_zichroni/cropped_images/2.jpg"
            },
            {
              "index": 3,
              "path": "data/piven/amnon_zichroni/cropped_images/3.jpg"
            },
            {
              "index": 4,
              "path": "data/piven/amnon_zichroni/cropped_images/4.jpg"
            },
            {
              "index": 5,
              "path": "data/piven/amnon_zichroni/cropped_images/5.jpg"
            },
            {
              "index": 6,
              "path": "data/piven/amnon_zichroni/cropped_images/6.jpg"
            }
          ],
          "portraitElements": [
            "pastries",
            "garlic bulb",
            "fish",
            "cigar"
          ],
          "bioElements": [
            "radiation ring",
            "newspaper sheet",
            "sealed cell",
            "checkpoint line",
            "classified dossier"
          ],
          "metaSources": [
            {
              "subject": "amnon zichroni",
              "source": "Wikipedia",
              "source_url": "https://en.wikipedia.org/wiki/Mordechai_Vanunu"
            }
          ],
          "imageSimilarity": {
            "jsonPath": "data/piven/amnon_zichroni/lvface_pairwise_similarities.json",
            "matrixLabels": [
              "portrait",
              "0",
              "1",
              "2",
              "3",
              "4",
              "5",
              "6"
            ],
            "matrixValues": [
              [
                1.0,
                -0.01655161939561367,
                -0.008960165083408356,
                0.006518814712762833,
                -0.000879369443282485,
                -0.018922870978713036,
                0.050837382674217224,
                0.09894862025976181
              ],
              [
                -0.01655161939561367,
                1.0000001192092896,
                -0.07686072587966919,
                0.5389231443405151,
                0.41066044569015503,
                -0.07511153072118759,
                -0.03905696049332619,
                0.01347044575959444
              ],
              [
                -0.008960165083408356,
                -0.07686072587966919,
                1.0,
                -0.07225457578897476,
                0.03611859679222107,
                0.01521964743733406,
                0.019185177981853485,
                0.05882782116532326
              ],
              [
                0.006518814712762833,
                0.5389231443405151,
                -0.07225457578897476,
                1.0000001192092896,
                0.41572555899620056,
                -0.08150066435337067,
                0.005914369132369757,
                -0.003909253515303135
              ],
              [
                -0.000879369443282485,
                0.41066044569015503,
                0.03611859679222107,
                0.41572555899620056,
                1.0,
                -0.13596630096435547,
                -0.03521666303277016,
                -0.013333368115127087
              ],
              [
                -0.018922870978713036,
                -0.07511153072118759,
                0.01521964743733406,
                -0.08150066435337067,
                -0.13596630096435547,
                1.0000001192092896,
                -0.02047240361571312,
                0.06667586416006088
              ],
              [
                0.050837382674217224,
                -0.03905696049332619,
                0.019185177981853485,
                0.005914369132369757,
                -0.03521666303277016,
                -0.02047240361571312,
                1.0,
                -0.033851251006126404
              ],
              [
                0.09894862025976181,
                0.01347044575959444,
                0.05882782116532326,
                -0.003909253515303135,
                -0.013333368115127087,
                0.06667586416006088,
                -0.033851251006126404,
                1.0000001192092896
              ]
            ],
            "plotPath": "data/piven/amnon_zichroni/lvface_similarity_matrix_with_portrait.png",
            "basePlotPath": "data/piven/amnon_zichroni/lvface_similarity_matrix.png"
          },
          "textSimilarity": {
            "jsonPath": "data/piven/amnon_zichroni/meta_text_similarities.json",
            "bioVsPortrait": {
              "row_labels": [
                "bio"
              ],
              "column_labels": [
                "pastries",
                "garlic bulb",
                "fish",
                "cigar"
              ],
              "values": [
                [
                  -0.02153097651898861,
                  -0.015750283375382423,
                  -0.02387097477912903,
                  -0.05531790107488632
                ]
              ]
            },
            "bioElementsVsPortrait": {
              "row_labels": [
                "radiation ring",
                "newspaper sheet",
                "sealed cell",
                "checkpoint line",
                "classified dossier"
              ],
              "column_labels": [
                "pastries",
                "garlic bulb",
                "fish",
                "cigar"
              ],
              "values": [
                [
                  0.016733625903725624,
                  0.24111592769622803,
                  0.15156370401382446,
                  0.061331115663051605
                ],
                [
                  0.16044838726520538,
                  0.13153719902038574,
                  0.12541089951992035,
                  0.09433668106794357
                ],
                [
                  0.2035941183567047,
                  0.21868255734443665,
                  0.15675796568393707,
                  0.23278158903121948
                ],
                [
                  0.06570903956890106,
                  -0.06719978153705597,
                  0.001428365707397461,
                  0.12347632646560669
                ],
                [
                  0.17020118236541748,
                  0.052119672298431396,
                  0.17968429625034332,
                  0.10660591721534729
                ]
              ]
            },
            "bioVsPortraitPlotPath": "data/piven/amnon_zichroni/bio_vs_portrait_text_similarity_matrix.png",
            "bioElementsPlotPath": "data/piven/amnon_zichroni/bio_elements_vs_portrait_text_similarity_matrix.png"
          }
        },
        {
          "slug": "ariel_sharon",
          "name": "ariel sharon",
          "bio": "Ariel \"Arik\" Sharon (Hebrew: \u05d0\u05b2\u05e8\u05b4\u05d9\u05d0\u05b5\u05dc (\u05d0\u05b8\u05e8\u05b4\u05d9\u05e7) \u05e9\u05b8\u05c1\u05e8\u05d5\u05b9\u05df, [a\u0281i\u02c8(\u0294)el \u0283a\u02c8\u0281on] ; 26 February 1928 \u2013 11 January 2014) was an Israeli general and politician who served as the prime minister of Israel from March 2001 until April 2006.\nBorn in Kfar Malal in Palestine to Russian Jewish immigrants, he rose in the ranks of the Israeli Army from its creation in 1948, participating in the 1948 Palestine war as platoon commander of the Alexandroni Brigade and taking part in several battles. Sharon became an instrumental figure in the creation of Unit 101 and the reprisal operations, including the 1953 Qibya massacre, as well as in the 1956 Suez Crisis, the Six-Day War of 1967, the War of Attrition, and the Yom-Kippur War of 1973. Yitzhak Rabin called Sharon \"the greatest field commander in our history\". Upon leaving the military, Sharon entered politics, joining the Likud party, and served in a number of ministerial posts in Likud-led governments in 1977\u201392 and 1996\u201399. As Minister of Defense, he directed the 1982 Lebanon War. An official enquiry found that he bore \"personal responsibility\" for the Sabra and Shatila massacre of Palestinian refugees, for which he became known as the \"Butcher of Beirut\" among Arabs. He was subsequently removed as defense minister.\nFrom the 1970s through to the 1990s, Sharon championed construction of Israeli settlements in the Israeli-occupied West Bank and Gaza Strip. He became the leader of the Likud in 1999, and in 2000, amid campaigning for the 2001 prime ministerial election, made a controversial visit to the Al-Aqsa complex on the Temple Mount, triggering the Second Intifada. He subsequently defeated Ehud Barak in the election and served as Israel's prime minister from 2001 to 2006. As Prime Minister, Sharon orchestrated the construction of the Israeli West Bank barrier in 2002\u20132003 and Israel's unilateral disengagement from the Gaza Strip in 2005. Facing stiff opposition to the latter policy within the Likud, in November 2005 he left Likud to form a new party, Kadima. He had been expected to win the next election and was widely interpreted as planning on \"clearing Israel out of most of the West Bank\", in a series of unilateral withdrawals. Following a stroke on 4 January 2006, Sharon remained in a permanent vegetative state until his death in 2014.\nSharon remains a highly polarizing figure in Middle Eastern history. Israelis almost universally revere Sharon as a war hero and statesman, whereas Palestinians and Human Rights Watch have criticized him as a war criminal, with the latter lamenting that he was never held accountable.",
          "portraitPath": "data/piven/ariel_sharon/portrait.jpg",
          "croppedImages": [
            {
              "index": 0,
              "path": "data/piven/ariel_sharon/cropped_images/0.jpg"
            },
            {
              "index": 1,
              "path": "data/piven/ariel_sharon/cropped_images/1.jpg"
            },
            {
              "index": 2,
              "path": "data/piven/ariel_sharon/cropped_images/2.jpg"
            },
            {
              "index": 3,
              "path": "data/piven/ariel_sharon/cropped_images/3.jpg"
            },
            {
              "index": 4,
              "path": "data/piven/ariel_sharon/cropped_images/4.jpg"
            },
            {
              "index": 5,
              "path": "data/piven/ariel_sharon/cropped_images/5.jpg"
            },
            {
              "index": 6,
              "path": "data/piven/ariel_sharon/cropped_images/6.jpg"
            },
            {
              "index": 7,
              "path": "data/piven/ariel_sharon/cropped_images/7.jpg"
            },
            {
              "index": 8,
              "path": "data/piven/ariel_sharon/cropped_images/8.jpg"
            },
            {
              "index": 9,
              "path": "data/piven/ariel_sharon/cropped_images/9.jpg"
            }
          ],
          "portraitElements": [
            "ground meat",
            "cloth",
            "tie"
          ],
          "bioElements": [
            "medal bar",
            "campaign map",
            "podium block",
            "shield plate",
            "command shadow"
          ],
          "metaSources": [
            {
              "subject": "ariel sharon",
              "source": "Wikipedia",
              "source_url": "https://en.wikipedia.org/wiki/Ariel_Sharon"
            }
          ],
          "imageSimilarity": {
