{
  "folder": "/workspace/input/noma_bar/data/elvis_presley",
  "model": "/workspace/src/LVFace/models/LVFace-L_Glint360K/LVFace-L_Glint360K.onnx",
  "providers": [
    "CUDAExecutionProvider",
    "CPUExecutionProvider"
  ],
  "portrait": {
    "path": "/workspace/input/noma_bar/data/elvis_presley/portrait.jpg",
    "pairs": [
      {
        "index": 0,
        "name": "01_elvis-presley-modern-screen-june-1958-better-cropped-jpg.jpg",
        "path": "/workspace/input/noma_bar/data/elvis_presley/images/01_elvis-presley-modern-screen-june-1958-better-cropped-jpg.jpg",
        "similarity": 0.010867530480027199
      },
      {
        "index": 1,
        "name": "02_elvis-presley-elvis-in-concert-1977-cbs-press-photo-jpg.jpg",
        "path": "/workspace/input/noma_bar/data/elvis_presley/images/02_elvis-presley-elvis-in-concert-1977-cbs-press-photo-jpg.jpg",
        "similarity": 0.02662343718111515
      },
      {
        "index": 2,
        "name": "03_elvis-presley-1970-jpg.jpg",
        "path": "/workspace/input/noma_bar/data/elvis_presley/images/03_elvis-presley-1970-jpg.jpg",
        "similarity": 0.04555083438754082
      },
      {
        "index": 3,
        "name": "07_elvis-presley-modern-screen-june-1958-jpg.jpg",
        "path": "/workspace/input/noma_bar/data/elvis_presley/images/07_elvis-presley-modern-screen-june-1958-jpg.jpg",
        "similarity": 0.02772676944732666
      },
      {
        "index": 4,
        "name": "08_elvis-presley-publicity-photo-1955-jpg.jpg",
        "path": "/workspace/input/noma_bar/data/elvis_presley/images/08_elvis-presley-publicity-photo-1955-jpg.jpg",
        "similarity": -0.034827787429094315
      },
      {
        "index": 5,
        "name": "09_elvis-presley-modern-screen-june-1958-jpg.jpg",
        "path": "/workspace/input/noma_bar/data/elvis_presley/images/09_elvis-presley-modern-screen-june-1958-jpg.jpg",
        "similarity": 0.03121611848473549
      },
      {
        "index": 6,
        "name": "10_elvis-presley-june-1958-cropped-jpg.jpg",
        "path": "/workspace/input/noma_bar/data/elvis_presley/images/10_elvis-presley-june-1958-cropped-jpg.jpg",
        "similarity": -0.010432806797325611
      },
      {
        "index": 7,
        "name": "13_stay-away-joe-elvis-presley-jpg.jpg",
        "path": "/workspace/input/noma_bar/data/elvis_presley/images/13_stay-away-joe-elvis-presley-jpg.jpg",
        "similarity": 0.01157461293041706
      },
      {
        "index": 8,
        "name": "14_elvis-presley-billboard-ad-1956-png.png",
        "path": "/workspace/input/noma_bar/data/elvis_presley/images/14_elvis-presley-billboard-ad-1956-png.png",
        "similarity": 0.0036390938330441713
      },
      {
        "index": 9,
        "name": "15_elvis-presley-publicity-still-1956-jpg.jpg",
        "path": "/workspace/input/noma_bar/data/elvis_presley/images/15_elvis-presley-publicity-still-1956-jpg.jpg",
        "similarity": 0.01404728926718235
      }
    ],
    "matrix": {
      "labels": [
        "portrait",
        "0",
        "1",
        "2",
        "3",
        "4",
        "5",
        "6",
        "7",
        "8",
        "9"
      ],
      "values": [
        [
          1.0,
          0.010867530480027199,
          0.02662343718111515,
          0.04555083438754082,
          0.02772676944732666,
          -0.034827787429094315,
          0.03121611848473549,
          -0.010432806797325611,
          0.01157461293041706,
          0.0036390938330441713,
          0.01404728926718235
        ],
        [
          0.010867530480027199,
          1.0,
          0.42247363924980164,
          0.4411352574825287,
          0.476803183555603,
          0.4287290871143341,
          0.6081018447875977,
          0.8051289916038513,
          0.40408867597579956,
          0.49044591188430786,
          0.4784065783023834
        ],
        [
          0.02662343718111515,
          0.42247363924980164,
          1.0,
          0.39013540744781494,
          0.43444767594337463,
          0.34427952766418457,
          0.46381089091300964,
          0.4626176357269287,
          0.44003826379776,
          0.44054505228996277,
          0.3761044442653656
        ],
        [
          0.04555083438754082,
          0.4411352574825287,
          0.39013540744781494,
          0.9999998807907104,
          0.4457383453845978,
          0.5136764645576477,
          0.4328151047229767,
          0.4093846082687378,
          0.4139072895050049,
          0.40283358097076416,
          0.5120492577552795
        ],
        [
          0.02772676944732666,
          0.476803183555603,
          0.43444767594337463,
          0.4457383453845978,
          0.9999998807907104,
          0.3824869692325592,
          0.4350816011428833,
          0.5882335901260376,
          0.4849433898925781,
          0.41632574796676636,
          0.4223771393299103
        ],
        [
          -0.034827787429094315,
          0.4287290871143341,
          0.34427952766418457,
          0.5136764645576477,
          0.3824869692325592,
          0.9999999403953552,
          0.4195082187652588,
          0.4459366202354431,
          0.3870508670806885,
          0.4021033048629761,
          0.5235721468925476
        ],
        [
          0.03121611848473549,
          0.6081018447875977,
          0.46381089091300964,
          0.4328151047229767,
          0.4350816011428833,
          0.4195082187652588,
          0.9999998807907104,
          0.5289039015769958,
          0.5604368448257446,
          0.495758056640625,
          0.43955734372138977
        ],
        [
          -0.010432806797325611,
          0.8051289916038513,
          0.4626176357269287,
          0.4093846082687378,
          0.5882335901260376,
          0.4459366202354431,
          0.5289039015769958,
          1.0,
          0.4447411000728607,
          0.4868212640285492,
          0.4573754370212555
        ],
        [
          0.01157461293041706,
          0.40408867597579956,
          0.44003826379776,
          0.4139072895050049,
          0.4849433898925781,
          0.3870508670806885,
          0.5604368448257446,
          0.4447411000728607,
          1.0000001192092896,
          0.39274781942367554,
          0.3839007019996643
        ],
        [
          0.0036390938330441713,
          0.49044591188430786,
          0.44054505228996277,
          0.40283358097076416,
          0.41632574796676636,
          0.4021033048629761,
          0.495758056640625,
          0.4868212640285492,
          0.39274781942367554,
          1.0,
          0.44592681527137756
        ],
        [
          0.01404728926718235,
          0.4784065783023834,
          0.3761044442653656,
          0.5120492577552795,
          0.4223771393299103,
          0.5235721468925476,
          0.43955734372138977,
          0.4573754370212555,
          0.3839007019996643,
          0.44592681527137756,
          1.0
        ]
      ]
    }
  },
  "images": [
    {
      "name": "01_elvis-presley-modern-screen-june-1958-better-cropped-jpg.jpg",
      "path": "/workspace/input/noma_bar/data/elvis_presley/images/01_elvis-presley-modern-screen-june-1958-better-cropped-jpg.jpg"
    },
    {
      "name": "02_elvis-presley-elvis-in-concert-1977-cbs-press-photo-jpg.jpg",
      "path": "/workspace/input/noma_bar/data/elvis_presley/images/02_elvis-presley-elvis-in-concert-1977-cbs-press-photo-jpg.jpg"
    },
    {
      "name": "03_elvis-presley-1970-jpg.jpg",
      "path": "/workspace/input/noma_bar/data/elvis_presley/images/03_elvis-presley-1970-jpg.jpg"
    },
    {
      "name": "07_elvis-presley-modern-screen-june-1958-jpg.jpg",
      "path": "/workspace/input/noma_bar/data/elvis_presley/images/07_elvis-presley-modern-screen-june-1958-jpg.jpg"
    },
    {
      "name": "08_elvis-presley-publicity-photo-1955-jpg.jpg",
      "path": "/workspace/input/noma_bar/data/elvis_presley/images/08_elvis-presley-publicity-photo-1955-jpg.jpg"
    },
    {
      "name": "09_elvis-presley-modern-screen-june-1958-jpg.jpg",
      "path": "/workspace/input/noma_bar/data/elvis_presley/images/09_elvis-presley-modern-screen-june-1958-jpg.jpg"
    },
    {
      "name": "10_elvis-presley-june-1958-cropped-jpg.jpg",
      "path": "/workspace/input/noma_bar/data/elvis_presley/images/10_elvis-presley-june-1958-cropped-jpg.jpg"
    },
    {
      "name": "13_stay-away-joe-elvis-presley-jpg.jpg",
      "path": "/workspace/input/noma_bar/data/elvis_presley/images/13_stay-away-joe-elvis-presley-jpg.jpg"
    },
    {
      "name": "14_elvis-presley-billboard-ad-1956-png.png",
      "path": "/workspace/input/noma_bar/data/elvis_presley/images/14_elvis-presley-billboard-ad-1956-png.png"
    },
    {
      "name": "15_elvis-presley-publicity-still-1956-jpg.jpg",
      "path": "/workspace/input/noma_bar/data/elvis_presley/images/15_elvis-presley-publicity-still-1956-jpg.jpg"
    }
  ],
  "pairs": [
    {
      "left": "/workspace/input/noma_bar/data/elvis_presley/images/01_elvis-presley-modern-screen-june-1958-better-cropped-jpg.jpg",
      "right": "/workspace/input/noma_bar/data/elvis_presley/images/02_elvis-presley-elvis-in-concert-1977-cbs-press-photo-jpg.jpg",
      "similarity": 0.42247363924980164
    },
    {
      "left": "/workspace/input/noma_bar/data/elvis_presley/images/01_elvis-presley-modern-screen-june-1958-better-cropped-jpg.jpg",
      "right": "/workspace/input/noma_bar/data/elvis_presley/images/03_elvis-presley-1970-jpg.jpg",
      "similarity": 0.4411352574825287
    },
    {
      "left": "/workspace/input/noma_bar/data/elvis_presley/images/01_elvis-presley-modern-screen-june-1958-better-cropped-jpg.jpg",
      "right": "/workspace/input/noma_bar/data/elvis_presley/images/07_elvis-presley-modern-screen-june-1958-jpg.jpg",
      "similarity": 0.476803183555603
    },
    {
      "left": "/workspace/input/noma_bar/data/elvis_presley/images/01_elvis-presley-modern-screen-june-1958-better-cropped-jpg.jpg",
      "right": "/workspace/input/noma_bar/data/elvis_presley/images/08_elvis-presley-publicity-photo-1955-jpg.jpg",
      "similarity": 0.4287290871143341
    },
    {
      "left": "/workspace/input/noma_bar/data/elvis_presley/images/01_elvis-presley-modern-screen-june-1958-better-cropped-jpg.jpg",
      "right": "/workspace/input/noma_bar/data/elvis_presley/images/09_elvis-presley-modern-screen-june-1958-jpg.jpg",
      "similarity": 0.6081018447875977
    },
    {
      "left": "/workspace/input/noma_bar/data/elvis_presley/images/01_elvis-presley-modern-screen-june-1958-better-cropped-jpg.jpg",
      "right": "/workspace/input/noma_bar/data/elvis_presley/images/10_elvis-presley-june-1958-cropped-jpg.jpg",
      "similarity": 0.8051289916038513
    },
    {
      "left": "/workspace/input/noma_bar/data/elvis_presley/images/01_elvis-presley-modern-screen-june-1958-better-cropped-jpg.jpg",
      "right": "/workspace/input/noma_bar/data/elvis_presley/images/13_stay-away-joe-elvis-presley-jpg.jpg",
      "similarity": 0.40408867597579956
    },
    {
      "left": "/workspace/input/noma_bar/data/elvis_presley/images/01_elvis-presley-modern-screen-june-1958-better-cropped-jpg.jpg",
      "right": "/workspace/input/noma_bar/data/elvis_presley/images/14_elvis-presley-billboard-ad-1956-png.png",
      "similarity": 0.49044591188430786
    },
    {
      "left": "/workspace/input/noma_bar/data/elvis_presley/images/01_elvis-presley-modern-screen-june-1958-better-cropped-jpg.jpg",
      "right": "/workspace/input/noma_bar/data/elvis_presley/images/15_elvis-presley-publicity-still-1956-jpg.jpg",
      "similarity": 0.4784065783023834
    },
    {
      "left": "/workspace/input/noma_bar/data/elvis_presley/images/02_elvis-presley-elvis-in-concert-1977-cbs-press-photo-jpg.jpg",
      "right": "/workspace/input/noma_bar/data/elvis_presley/images/03_elvis-presley-1970-jpg.jpg",
      "similarity": 0.39013540744781494
    },
    {
      "left": "/workspace/input/noma_bar/data/elvis_presley/images/02_elvis-presley-elvis-in-concert-1977-cbs-press-photo-jpg.jpg",
      "right": "/workspace/input/noma_bar/data/elvis_presley/images/07_elvis-presley-modern-screen-june-1958-jpg.jpg",
      "similarity": 0.43444767594337463
    },
    {
      "left": "/workspace/input/noma_bar/data/elvis_presley/images/02_elvis-presley-elvis-in-concert-1977-cbs-press-photo-jpg.jpg",
      "right": "/workspace/input/noma_bar/data/elvis_presley/images/08_elvis-presley-publicity-photo-1955-jpg.jpg",
      "similarity": 0.34427952766418457
    },
    {
      "left": "/workspace/input/noma_bar/data/elvis_presley/images/02_elvis-presley-elvis-in-concert-1977-cbs-press-photo-jpg.jpg",
      "right": "/workspace/input/noma_bar/data/elvis_presley/images/09_elvis-presley-modern-screen-june-1958-jpg.jpg",
      "similarity": 0.46381089091300964
    },
    {
      "left": "/workspace/input/noma_bar/data/elvis_presley/images/02_elvis-presley-elvis-in-concert-1977-cbs-press-photo-jpg.jpg",
      "right": "/workspace/input/noma_bar/data/elvis_presley/images/10_elvis-presley-june-1958-cropped-jpg.jpg",
      "similarity": 0.4626176357269287
    },
    {
      "left": "/workspace/input/noma_bar/data/elvis_presley/images/02_elvis-presley-elvis-in-concert-1977-cbs-press-photo-jpg.jpg",
      "right": "/workspace/input/noma_bar/data/elvis_presley/images/13_stay-away-joe-elvis-presley-jpg.jpg",
      "similarity": 0.44003826379776
    },
    {
      "left": "/workspace/input/noma_bar/data/elvis_presley/images/02_elvis-presley-elvis-in-concert-1977-cbs-press-photo-jpg.jpg",
      "right": "/workspace/input/noma_bar/data/elvis_presley/images/14_elvis-presley-billboard-ad-1956-png.png",
      "similarity": 0.44054505228996277
    },
    {
      "left": "/workspace/input/noma_bar/data/elvis_presley/images/02_elvis-presley-elvis-in-concert-1977-cbs-press-photo-jpg.jpg",
      "right": "/workspace/input/noma_bar/data/elvis_presley/images/15_elvis-presley-publicity-still-1956-jpg.jpg",
      "similarity": 0.3761044442653656
    },
    {
      "left": "/workspace/input/noma_bar/data/elvis_presley/images/03_elvis-presley-1970-jpg.jpg",
      "right": "/workspace/input/noma_bar/data/elvis_presley/images/07_elvis-presley-modern-screen-june-1958-jpg.jpg",
      "similarity": 0.4457383453845978
    },
    {
      "left": "/workspace/input/noma_bar/data/elvis_presley/images/03_elvis-presley-1970-jpg.jpg",
      "right": "/workspace/input/noma_bar/data/elvis_presley/images/08_elvis-presley-publicity-photo-1955-jpg.jpg",
      "similarity": 0.5136764645576477
    },
    {
      "left": "/workspace/input/noma_bar/data/elvis_presley/images/03_elvis-presley-1970-jpg.jpg",
      "right": "/workspace/input/noma_bar/data/elvis_presley/images/09_elvis-presley-modern-screen-june-1958-jpg.jpg",
      "similarity": 0.4328151047229767
    },
    {
      "left": "/workspace/input/noma_bar/data/elvis_presley/images/03_elvis-presley-1970-jpg.jpg",
      "right": "/workspace/input/noma_bar/data/elvis_presley/images/10_elvis-presley-june-1958-cropped-jpg.jpg",
      "similarity": 0.4093846082687378
    },
    {
      "left": "/workspace/input/noma_bar/data/elvis_presley/images/03_elvis-presley-1970-jpg.jpg",
      "right": "/workspace/input/noma_bar/data/elvis_presley/images/13_stay-away-joe-elvis-presley-jpg.jpg",
      "similarity": 0.4139072895050049
    },
    {
      "left": "/workspace/input/noma_bar/data/elvis_presley/images/03_elvis-presley-1970-jpg.jpg",
      "right": "/workspace/input/noma_bar/data/elvis_presley/images/14_elvis-presley-billboard-ad-1956-png.png",
      "similarity": 0.40283358097076416
    },
    {
      "left": "/workspace/input/noma_bar/data/elvis_presley/images/03_elvis-presley-1970-jpg.jpg",
      "right": "/workspace/input/noma_bar/data/elvis_presley/images/15_elvis-presley-publicity-still-1956-jpg.jpg",
      "similarity": 0.5120492577552795
    },
    {
      "left": "/workspace/input/noma_bar/data/elvis_presley/images/07_elvis-presley-modern-screen-june-1958-jpg.jpg",
      "right": "/workspace/input/noma_bar/data/elvis_presley/images/08_elvis-presley-publicity-photo-1955-jpg.jpg",
      "similarity": 0.3824869692325592
    },
    {
      "left": "/workspace/input/noma_bar/data/elvis_presley/images/07_elvis-presley-modern-screen-june-1958-jpg.jpg",
      "right": "/workspace/input/noma_bar/data/elvis_presley/images/09_elvis-presley-modern-screen-june-1958-jpg.jpg",
      "similarity": 0.4350816011428833
    },
    {
      "left": "/workspace/input/noma_bar/data/elvis_presley/images/07_elvis-presley-modern-screen-june-1958-jpg.jpg",
      "right": "/workspace/input/noma_bar/data/elvis_presley/images/10_elvis-presley-june-1958-cropped-jpg.jpg",
      "similarity": 0.5882335901260376
    },
    {
      "left": "/workspace/input/noma_bar/data/elvis_presley/images/07_elvis-presley-modern-screen-june-1958-jpg.jpg",
      "right": "/workspace/input/noma_bar/data/elvis_presley/images/13_stay-away-joe-elvis-presley-jpg.jpg",
      "similarity": 0.4849433898925781
    },
    {
      "left": "/workspace/input/noma_bar/data/elvis_presley/images/07_elvis-presley-modern-screen-june-1958-jpg.jpg",
      "right": "/workspace/input/noma_bar/data/elvis_presley/images/14_elvis-presley-billboard-ad-1956-png.png",
      "similarity": 0.41632574796676636
    },
    {
      "left": "/workspace/input/noma_bar/data/elvis_presley/images/07_elvis-presley-modern-screen-june-1958-jpg.jpg",
      "right": "/workspace/input/noma_bar/data/elvis_presley/images/15_elvis-presley-publicity-still-1956-jpg.jpg",
      "similarity": 0.4223771393299103
    },
    {
      "left": "/workspace/input/noma_bar/data/elvis_presley/images/08_elvis-presley-publicity-photo-1955-jpg.jpg",
      "right": "/workspace/input/noma_bar/data/elvis_presley/images/09_elvis-presley-modern-screen-june-1958-jpg.jpg",
      "similarity": 0.4195082187652588
    },
    {
      "left": "/workspace/input/noma_bar/data/elvis_presley/images/08_elvis-presley-publicity-photo-1955-jpg.jpg",
      "right": "/workspace/input/noma_bar/data/elvis_presley/images/10_elvis-presley-june-1958-cropped-jpg.jpg",
      "similarity": 0.4459366202354431
    },
    {
      "left": "/workspace/input/noma_bar/data/elvis_presley/images/08_elvis-presley-publicity-photo-1955-jpg.jpg",
      "right": "/workspace/input/noma_bar/data/elvis_presley/images/13_stay-away-joe-elvis-presley-jpg.jpg",
      "similarity": 0.3870508670806885
    },
    {
      "left": "/workspace/input/noma_bar/data/elvis_presley/images/08_elvis-presley-publicity-photo-1955-jpg.jpg",
      "right": "/workspace/input/noma_bar/data/elvis_presley/images/14_elvis-presley-billboard-ad-1956-png.png",
      "similarity": 0.4021033048629761
    },
    {
      "left": "/workspace/input/noma_bar/data/elvis_presley/images/08_elvis-presley-publicity-photo-1955-jpg.jpg",
      "right": "/workspace/input/noma_bar/data/elvis_presley/images/15_elvis-presley-publicity-still-1956-jpg.jpg",
      "similarity": 0.5235721468925476
    },
    {
      "left": "/workspace/input/noma_bar/data/elvis_presley/images/09_elvis-presley-modern-screen-june-1958-jpg.jpg",
      "right": "/workspace/input/noma_bar/data/elvis_presley/images/10_elvis-presley-june-1958-cropped-jpg.jpg",
      "similarity": 0.5289039015769958
    },
    {
      "left": "/workspace/input/noma_bar/data/elvis_presley/images/09_elvis-presley-modern-screen-june-1958-jpg.jpg",
      "right": "/workspace/input/noma_bar/data/elvis_presley/images/13_stay-away-joe-elvis-presley-jpg.jpg",
      "similarity": 0.5604368448257446
    },
    {
      "left": "/workspace/input/noma_bar/data/elvis_presley/images/09_elvis-presley-modern-screen-june-1958-jpg.jpg",
      "right": "/workspace/input/noma_bar/data/elvis_presley/images/14_elvis-presley-billboard-ad-1956-png.png",
      "similarity": 0.495758056640625
    },
    {
      "left": "/workspace/input/noma_bar/data/elvis_presley/images/09_elvis-presley-modern-screen-june-1958-jpg.jpg",
      "right": "/workspace/input/noma_bar/data/elvis_presley/images/15_elvis-presley-publicity-still-1956-jpg.jpg",
      "similarity": 0.43955734372138977
    },
    {
      "left": "/workspace/input/noma_bar/data/elvis_presley/images/10_elvis-presley-june-1958-cropped-jpg.jpg",
      "right": "/workspace/input/noma_bar/data/elvis_presley/images/13_stay-away-joe-elvis-presley-jpg.jpg",
      "similarity": 0.4447411000728607
    },
    {
      "left": "/workspace/input/noma_bar/data/elvis_presley/images/10_elvis-presley-june-1958-cropped-jpg.jpg",
      "right": "/workspace/input/noma_bar/data/elvis_presley/images/14_elvis-presley-billboard-ad-1956-png.png",
      "similarity": 0.4868212640285492
    },
    {
      "left": "/workspace/input/noma_bar/data/elvis_presley/images/10_elvis-presley-june-1958-cropped-jpg.jpg",
      "right": "/workspace/input/noma_bar/data/elvis_presley/images/15_elvis-presley-publicity-still-1956-jpg.jpg",
      "similarity": 0.4573754370212555
    },
    {
      "left": "/workspace/input/noma_bar/data/elvis_presley/images/13_stay-away-joe-elvis-presley-jpg.jpg",
      "right": "/workspace/input/noma_bar/data/elvis_presley/images/14_elvis-presley-billboard-ad-1956-png.png",
      "similarity": 0.39274781942367554
    },
    {
      "left": "/workspace/input/noma_bar/data/elvis_presley/images/13_stay-away-joe-elvis-presley-jpg.jpg",
      "right": "/workspace/input/noma_bar/data/elvis_presley/images/15_elvis-presley-publicity-still-1956-jpg.jpg",
      "similarity": 0.3839007019996643
    },
    {
      "left": "/workspace/input/noma_bar/data/elvis_presley/images/14_elvis-presley-billboard-ad-1956-png.png",
      "right": "/workspace/input/noma_bar/data/elvis_presley/images/15_elvis-presley-publicity-still-1956-jpg.jpg",
      "similarity": 0.44592681527137756
    }
  ],
  "matrix": {
    "labels": [
      "01_elvis-presley-modern-screen-june-1958-better-cropped-jpg.jpg",
      "02_elvis-presley-elvis-in-concert-1977-cbs-press-photo-jpg.jpg",
      "03_elvis-presley-1970-jpg.jpg",
      "07_elvis-presley-modern-screen-june-1958-jpg.jpg",
      "08_elvis-presley-publicity-photo-1955-jpg.jpg",
      "09_elvis-presley-modern-screen-june-1958-jpg.jpg",
      "10_elvis-presley-june-1958-cropped-jpg.jpg",
      "13_stay-away-joe-elvis-presley-jpg.jpg",
      "14_elvis-presley-billboard-ad-1956-png.png",
      "15_elvis-presley-publicity-still-1956-jpg.jpg"
    ],
    "values": [
      [
        1.0,
        0.42247363924980164,
        0.4411352574825287,
        0.476803183555603,
        0.4287290871143341,
        0.6081018447875977,
        0.8051289916038513,
        0.40408867597579956,
        0.49044591188430786,
        0.4784065783023834
      ],
      [
        0.42247363924980164,
        1.0,
        0.39013540744781494,
        0.43444767594337463,
        0.34427952766418457,
        0.46381089091300964,
        0.4626176357269287,
        0.44003826379776,
        0.44054505228996277,
        0.3761044442653656
      ],
      [
        0.4411352574825287,
        0.39013540744781494,
        0.9999998807907104,
        0.4457383453845978,
        0.5136764645576477,
        0.4328151047229767,
        0.4093846082687378,
        0.4139072895050049,
        0.40283358097076416,
        0.5120492577552795
      ],
      [
        0.476803183555603,
        0.43444767594337463,
        0.4457383453845978,
        0.9999998807907104,
        0.3824869692325592,
        0.4350816011428833,
        0.5882335901260376,
        0.4849433898925781,
        0.41632574796676636,
        0.4223771393299103
      ],
      [
        0.4287290871143341,
        0.34427952766418457,
        0.5136764645576477,
        0.3824869692325592,
        0.9999999403953552,
        0.4195082187652588,
        0.4459366202354431,
        0.3870508670806885,
        0.4021033048629761,
        0.5235721468925476
      ],
      [
        0.6081018447875977,
        0.46381089091300964,
        0.4328151047229767,
        0.4350816011428833,
        0.4195082187652588,
        0.9999998807907104,
        0.5289039015769958,
        0.5604368448257446,
        0.495758056640625,
        0.43955734372138977
      ],
      [
        0.8051289916038513,
        0.4626176357269287,
        0.4093846082687378,
        0.5882335901260376,
        0.4459366202354431,
        0.5289039015769958,
        1.0,
        0.4447411000728607,
        0.4868212640285492,
        0.4573754370212555
      ],
      [
        0.40408867597579956,
        0.44003826379776,
        0.4139072895050049,
        0.4849433898925781,
        0.3870508670806885,
        0.5604368448257446,
        0.4447411000728607,
        1.0000001192092896,
        0.39274781942367554,
        0.3839007019996643
      ],
      [
        0.49044591188430786,
        0.44054505228996277,
        0.40283358097076416,
        0.41632574796676636,
        0.4021033048629761,
        0.495758056640625,
        0.4868212640285492,
        0.39274781942367554,
        1.0,
        0.44592681527137756
      ],
      [
        0.4784065783023834,
        0.3761044442653656,
        0.5120492577552795,
        0.4223771393299103,
        0.5235721468925476,
        0.43955734372138977,
        0.4573754370212555,
        0.3839007019996643,
        0.44592681527137756,
        1.0
      ]
    ]
  },
  "errors": [
    {
      "path": "/workspace/input/noma_bar/data/elvis_presley/portrait.jpg",
      "error": "No face detected in /workspace/input/noma_bar/data/elvis_presley/portrait.jpg"
    }
  ]
}