{
  "folder": "/workspace/input/piven/data/bill_gates",
  "model": "/workspace/src/LVFace/models/LVFace-L_Glint360K/LVFace-L_Glint360K.onnx",
  "providers": [
    "CUDAExecutionProvider",
    "CPUExecutionProvider"
  ],
  "portrait": {
    "path": "/workspace/input/piven/data/bill_gates/portrait.jpg",
    "pairs": [
      {
        "index": 0,
        "name": "01_bill-gates-2023-p062021-967902-cropped-jpg.jpg",
        "path": "/workspace/input/piven/data/bill_gates/images/01_bill-gates-2023-p062021-967902-cropped-jpg.jpg",
        "similarity": 0.03809691220521927
      },
      {
        "index": 1,
        "name": "03_bill-gates-2004-jpg.jpg",
        "path": "/workspace/input/piven/data/bill_gates/images/03_bill-gates-2004-jpg.jpg",
        "similarity": 0.02335667982697487
      },
      {
        "index": 2,
        "name": "04_bill-gates-2023-p062021-203496-cropped-jpg.jpg",
        "path": "/workspace/input/piven/data/bill_gates/images/04_bill-gates-2023-p062021-203496-cropped-jpg.jpg",
        "similarity": -0.03660569712519646
      },
      {
        "index": 3,
        "name": "06_who-director-general-chan-and-bill-gates-cropped-jpg.jpg",
        "path": "/workspace/input/piven/data/bill_gates/images/06_who-director-general-chan-and-bill-gates-cropped-jpg.jpg",
        "similarity": -0.013342517428100109
      },
      {
        "index": 4,
        "name": "07_bill-gates-2017-cropped-jpg.jpg",
        "path": "/workspace/input/piven/data/bill_gates/images/07_bill-gates-2017-cropped-jpg.jpg",
        "similarity": 0.0509556345641613
      },
      {
        "index": 5,
        "name": "08_steve-jobs-and-bill-gates-522695099-jpg.jpg",
        "path": "/workspace/input/piven/data/bill_gates/images/08_steve-jobs-and-bill-gates-522695099-jpg.jpg",
        "similarity": -0.014000984840095043
      },
      {
        "index": 6,
        "name": "09_harry-garland-and-bill-gates-jpg.jpg",
        "path": "/workspace/input/piven/data/bill_gates/images/09_harry-garland-and-bill-gates-jpg.jpg",
        "similarity": 0.0009340784745290875
      },
      {
        "index": 7,
        "name": "11_bill-gates-june-2015-png.png",
        "path": "/workspace/input/piven/data/bill_gates/images/11_bill-gates-june-2015-png.png",
        "similarity": 0.006089830305427313
      },
      {
        "index": 8,
        "name": "12_bill-gates-2018-jpg.jpg",
        "path": "/workspace/input/piven/data/bill_gates/images/12_bill-gates-2018-jpg.jpg",
        "similarity": -0.024610890075564384
      }
    ],
    "matrix": {
      "labels": [
        "portrait",
        "0",
        "1",
        "2",
        "3",
        "4",
        "5",
        "6",
        "7",
        "8"
      ],
      "values": [
        [
          1.0,
          0.03809691220521927,
          0.02335667982697487,
          -0.03660569712519646,
          -0.013342517428100109,
          0.0509556345641613,
          -0.014000984840095043,
          0.0009340784745290875,
          0.006089830305427313,
          -0.024610890075564384
        ],
        [
          0.03809691220521927,
          1.0000001192092896,
          0.38163021206855774,
          0.5519746541976929,
          0.02576223760843277,
          0.45195427536964417,
          0.36960795521736145,
          0.022761313244700432,
          0.45277172327041626,
          0.4093576669692993
        ],
        [
          0.02335667982697487,
          0.38163021206855774,
          1.0000001192092896,
          0.3942332863807678,
          0.0140129579231143,
          0.47644487023353577,
          0.5153886079788208,
          0.008035227656364441,
          0.42764800786972046,
          0.47362229228019714
        ],
        [
          -0.03660569712519646,
          0.5519746541976929,
          0.3942332863807678,
          0.9999999403953552,
          -0.01443466916680336,
          0.5236895680427551,
          0.4520981013774872,
          0.08216496556997299,
          0.545335054397583,
          0.48817893862724304
        ],
        [
          -0.013342517428100109,
          0.02576223760843277,
          0.0140129579231143,
          -0.01443466916680336,
          0.9999998807907104,
          -0.03354177996516228,
          -0.059854406863451004,
          0.03399498388171196,
          -0.04418935254216194,
          -0.09329839795827866
        ],
        [
          0.0509556345641613,
          0.45195427536964417,
          0.47644487023353577,
          0.5236895680427551,
          -0.03354177996516228,
          1.0000001192092896,
          0.49851933121681213,
          0.07624821364879608,
          0.5046911239624023,
          0.49337756633758545
        ],
        [
          -0.014000984840095043,
          0.36960795521736145,
          0.5153886079788208,
          0.4520981013774872,
          -0.059854406863451004,
          0.49851933121681213,
          1.0,
          -0.014326450414955616,
          0.5086920857429504,
          0.4718649685382843
        ],
        [
          0.0009340784745290875,
          0.022761313244700432,
          0.008035227656364441,
          0.08216496556997299,
          0.03399498388171196,
          0.07624821364879608,
          -0.014326450414955616,
          1.0,
          0.011201942339539528,
          -0.010034553706645966
        ],
        [
          0.006089830305427313,
          0.45277172327041626,
          0.42764800786972046,
          0.545335054397583,
          -0.04418935254216194,
          0.5046911239624023,
          0.5086920857429504,
          0.011201942339539528,
          1.0000001192092896,
          0.598211944103241
        ],
        [
          -0.024610890075564384,
          0.4093576669692993,
          0.47362229228019714,
          0.48817893862724304,
          -0.09329839795827866,
          0.49337756633758545,
          0.4718649685382843,
          -0.010034553706645966,
          0.598211944103241,
          1.0
        ]
      ]
    }
  },
  "images": [
    {
      "name": "01_bill-gates-2023-p062021-967902-cropped-jpg.jpg",
      "path": "/workspace/input/piven/data/bill_gates/images/01_bill-gates-2023-p062021-967902-cropped-jpg.jpg"
    },
    {
      "name": "03_bill-gates-2004-jpg.jpg",
      "path": "/workspace/input/piven/data/bill_gates/images/03_bill-gates-2004-jpg.jpg"
    },
    {
      "name": "04_bill-gates-2023-p062021-203496-cropped-jpg.jpg",
      "path": "/workspace/input/piven/data/bill_gates/images/04_bill-gates-2023-p062021-203496-cropped-jpg.jpg"
    },
    {
      "name": "06_who-director-general-chan-and-bill-gates-cropped-jpg.jpg",
      "path": "/workspace/input/piven/data/bill_gates/images/06_who-director-general-chan-and-bill-gates-cropped-jpg.jpg"
    },
    {
      "name": "07_bill-gates-2017-cropped-jpg.jpg",
      "path": "/workspace/input/piven/data/bill_gates/images/07_bill-gates-2017-cropped-jpg.jpg"
    },
    {
      "name": "08_steve-jobs-and-bill-gates-522695099-jpg.jpg",
      "path": "/workspace/input/piven/data/bill_gates/images/08_steve-jobs-and-bill-gates-522695099-jpg.jpg"
    },
    {
      "name": "09_harry-garland-and-bill-gates-jpg.jpg",
      "path": "/workspace/input/piven/data/bill_gates/images/09_harry-garland-and-bill-gates-jpg.jpg"
    },
    {
      "name": "11_bill-gates-june-2015-png.png",
      "path": "/workspace/input/piven/data/bill_gates/images/11_bill-gates-june-2015-png.png"
    },
    {
      "name": "12_bill-gates-2018-jpg.jpg",
      "path": "/workspace/input/piven/data/bill_gates/images/12_bill-gates-2018-jpg.jpg"
    }
  ],
  "pairs": [
    {
      "left": "/workspace/input/piven/data/bill_gates/images/01_bill-gates-2023-p062021-967902-cropped-jpg.jpg",
      "right": "/workspace/input/piven/data/bill_gates/images/03_bill-gates-2004-jpg.jpg",
      "similarity": 0.38163021206855774
    },
    {
      "left": "/workspace/input/piven/data/bill_gates/images/01_bill-gates-2023-p062021-967902-cropped-jpg.jpg",
      "right": "/workspace/input/piven/data/bill_gates/images/04_bill-gates-2023-p062021-203496-cropped-jpg.jpg",
      "similarity": 0.5519746541976929
    },
    {
      "left": "/workspace/input/piven/data/bill_gates/images/01_bill-gates-2023-p062021-967902-cropped-jpg.jpg",
      "right": "/workspace/input/piven/data/bill_gates/images/06_who-director-general-chan-and-bill-gates-cropped-jpg.jpg",
      "similarity": 0.02576223760843277
    },
    {
      "left": "/workspace/input/piven/data/bill_gates/images/01_bill-gates-2023-p062021-967902-cropped-jpg.jpg",
      "right": "/workspace/input/piven/data/bill_gates/images/07_bill-gates-2017-cropped-jpg.jpg",
      "similarity": 0.45195427536964417
    },
    {
      "left": "/workspace/input/piven/data/bill_gates/images/01_bill-gates-2023-p062021-967902-cropped-jpg.jpg",
      "right": "/workspace/input/piven/data/bill_gates/images/08_steve-jobs-and-bill-gates-522695099-jpg.jpg",
      "similarity": 0.36960795521736145
    },
    {
      "left": "/workspace/input/piven/data/bill_gates/images/01_bill-gates-2023-p062021-967902-cropped-jpg.jpg",
      "right": "/workspace/input/piven/data/bill_gates/images/09_harry-garland-and-bill-gates-jpg.jpg",
      "similarity": 0.022761313244700432
    },
    {
      "left": "/workspace/input/piven/data/bill_gates/images/01_bill-gates-2023-p062021-967902-cropped-jpg.jpg",
      "right": "/workspace/input/piven/data/bill_gates/images/11_bill-gates-june-2015-png.png",
      "similarity": 0.45277172327041626
    },
    {
      "left": "/workspace/input/piven/data/bill_gates/images/01_bill-gates-2023-p062021-967902-cropped-jpg.jpg",
      "right": "/workspace/input/piven/data/bill_gates/images/12_bill-gates-2018-jpg.jpg",
      "similarity": 0.4093576669692993
    },
    {
      "left": "/workspace/input/piven/data/bill_gates/images/03_bill-gates-2004-jpg.jpg",
      "right": "/workspace/input/piven/data/bill_gates/images/04_bill-gates-2023-p062021-203496-cropped-jpg.jpg",
      "similarity": 0.3942332863807678
    },
    {
      "left": "/workspace/input/piven/data/bill_gates/images/03_bill-gates-2004-jpg.jpg",
      "right": "/workspace/input/piven/data/bill_gates/images/06_who-director-general-chan-and-bill-gates-cropped-jpg.jpg",
      "similarity": 0.0140129579231143
    },
    {
      "left": "/workspace/input/piven/data/bill_gates/images/03_bill-gates-2004-jpg.jpg",
      "right": "/workspace/input/piven/data/bill_gates/images/07_bill-gates-2017-cropped-jpg.jpg",
      "similarity": 0.47644487023353577
    },
    {
      "left": "/workspace/input/piven/data/bill_gates/images/03_bill-gates-2004-jpg.jpg",
      "right": "/workspace/input/piven/data/bill_gates/images/08_steve-jobs-and-bill-gates-522695099-jpg.jpg",
      "similarity": 0.5153886079788208
    },
    {
      "left": "/workspace/input/piven/data/bill_gates/images/03_bill-gates-2004-jpg.jpg",
      "right": "/workspace/input/piven/data/bill_gates/images/09_harry-garland-and-bill-gates-jpg.jpg",
      "similarity": 0.008035227656364441
    },
    {
      "left": "/workspace/input/piven/data/bill_gates/images/03_bill-gates-2004-jpg.jpg",
      "right": "/workspace/input/piven/data/bill_gates/images/11_bill-gates-june-2015-png.png",
      "similarity": 0.42764800786972046
    },
    {
      "left": "/workspace/input/piven/data/bill_gates/images/03_bill-gates-2004-jpg.jpg",
      "right": "/workspace/input/piven/data/bill_gates/images/12_bill-gates-2018-jpg.jpg",
      "similarity": 0.47362229228019714
    },
    {
      "left": "/workspace/input/piven/data/bill_gates/images/04_bill-gates-2023-p062021-203496-cropped-jpg.jpg",
      "right": "/workspace/input/piven/data/bill_gates/images/06_who-director-general-chan-and-bill-gates-cropped-jpg.jpg",
      "similarity": -0.01443466916680336
    },
    {
      "left": "/workspace/input/piven/data/bill_gates/images/04_bill-gates-2023-p062021-203496-cropped-jpg.jpg",
      "right": "/workspace/input/piven/data/bill_gates/images/07_bill-gates-2017-cropped-jpg.jpg",
      "similarity": 0.5236895680427551
    },
    {
      "left": "/workspace/input/piven/data/bill_gates/images/04_bill-gates-2023-p062021-203496-cropped-jpg.jpg",
      "right": "/workspace/input/piven/data/bill_gates/images/08_steve-jobs-and-bill-gates-522695099-jpg.jpg",
      "similarity": 0.4520981013774872
    },
    {
      "left": "/workspace/input/piven/data/bill_gates/images/04_bill-gates-2023-p062021-203496-cropped-jpg.jpg",
      "right": "/workspace/input/piven/data/bill_gates/images/09_harry-garland-and-bill-gates-jpg.jpg",
      "similarity": 0.08216496556997299
    },
    {
      "left": "/workspace/input/piven/data/bill_gates/images/04_bill-gates-2023-p062021-203496-cropped-jpg.jpg",
      "right": "/workspace/input/piven/data/bill_gates/images/11_bill-gates-june-2015-png.png",
      "similarity": 0.545335054397583
    },
    {
      "left": "/workspace/input/piven/data/bill_gates/images/04_bill-gates-2023-p062021-203496-cropped-jpg.jpg",
      "right": "/workspace/input/piven/data/bill_gates/images/12_bill-gates-2018-jpg.jpg",
      "similarity": 0.48817893862724304
    },
    {
      "left": "/workspace/input/piven/data/bill_gates/images/06_who-director-general-chan-and-bill-gates-cropped-jpg.jpg",
      "right": "/workspace/input/piven/data/bill_gates/images/07_bill-gates-2017-cropped-jpg.jpg",
      "similarity": -0.03354177996516228
    },
    {
      "left": "/workspace/input/piven/data/bill_gates/images/06_who-director-general-chan-and-bill-gates-cropped-jpg.jpg",
      "right": "/workspace/input/piven/data/bill_gates/images/08_steve-jobs-and-bill-gates-522695099-jpg.jpg",
      "similarity": -0.059854406863451004
    },
    {
      "left": "/workspace/input/piven/data/bill_gates/images/06_who-director-general-chan-and-bill-gates-cropped-jpg.jpg",
      "right": "/workspace/input/piven/data/bill_gates/images/09_harry-garland-and-bill-gates-jpg.jpg",
      "similarity": 0.03399498388171196
    },
    {
      "left": "/workspace/input/piven/data/bill_gates/images/06_who-director-general-chan-and-bill-gates-cropped-jpg.jpg",
      "right": "/workspace/input/piven/data/bill_gates/images/11_bill-gates-june-2015-png.png",
      "similarity": -0.04418935254216194
    },
    {
      "left": "/workspace/input/piven/data/bill_gates/images/06_who-director-general-chan-and-bill-gates-cropped-jpg.jpg",
      "right": "/workspace/input/piven/data/bill_gates/images/12_bill-gates-2018-jpg.jpg",
      "similarity": -0.09329839795827866
    },
    {
      "left": "/workspace/input/piven/data/bill_gates/images/07_bill-gates-2017-cropped-jpg.jpg",
      "right": "/workspace/input/piven/data/bill_gates/images/08_steve-jobs-and-bill-gates-522695099-jpg.jpg",
      "similarity": 0.49851933121681213
    },
    {
      "left": "/workspace/input/piven/data/bill_gates/images/07_bill-gates-2017-cropped-jpg.jpg",
      "right": "/workspace/input/piven/data/bill_gates/images/09_harry-garland-and-bill-gates-jpg.jpg",
      "similarity": 0.07624821364879608
    },
    {
      "left": "/workspace/input/piven/data/bill_gates/images/07_bill-gates-2017-cropped-jpg.jpg",
      "right": "/workspace/input/piven/data/bill_gates/images/11_bill-gates-june-2015-png.png",
      "similarity": 0.5046911239624023
    },
    {
      "left": "/workspace/input/piven/data/bill_gates/images/07_bill-gates-2017-cropped-jpg.jpg",
      "right": "/workspace/input/piven/data/bill_gates/images/12_bill-gates-2018-jpg.jpg",
      "similarity": 0.49337756633758545
    },
    {
      "left": "/workspace/input/piven/data/bill_gates/images/08_steve-jobs-and-bill-gates-522695099-jpg.jpg",
      "right": "/workspace/input/piven/data/bill_gates/images/09_harry-garland-and-bill-gates-jpg.jpg",
      "similarity": -0.014326450414955616
    },
    {
      "left": "/workspace/input/piven/data/bill_gates/images/08_steve-jobs-and-bill-gates-522695099-jpg.jpg",
      "right": "/workspace/input/piven/data/bill_gates/images/11_bill-gates-june-2015-png.png",
      "similarity": 0.5086920857429504
    },
    {
      "left": "/workspace/input/piven/data/bill_gates/images/08_steve-jobs-and-bill-gates-522695099-jpg.jpg",
      "right": "/workspace/input/piven/data/bill_gates/images/12_bill-gates-2018-jpg.jpg",
      "similarity": 0.4718649685382843
    },
    {
      "left": "/workspace/input/piven/data/bill_gates/images/09_harry-garland-and-bill-gates-jpg.jpg",
      "right": "/workspace/input/piven/data/bill_gates/images/11_bill-gates-june-2015-png.png",
      "similarity": 0.011201942339539528
    },
    {
      "left": "/workspace/input/piven/data/bill_gates/images/09_harry-garland-and-bill-gates-jpg.jpg",
      "right": "/workspace/input/piven/data/bill_gates/images/12_bill-gates-2018-jpg.jpg",
      "similarity": -0.010034553706645966
    },
    {
      "left": "/workspace/input/piven/data/bill_gates/images/11_bill-gates-june-2015-png.png",
      "right": "/workspace/input/piven/data/bill_gates/images/12_bill-gates-2018-jpg.jpg",
      "similarity": 0.598211944103241
    }
  ],
  "matrix": {
    "labels": [
      "01_bill-gates-2023-p062021-967902-cropped-jpg.jpg",
      "03_bill-gates-2004-jpg.jpg",
      "04_bill-gates-2023-p062021-203496-cropped-jpg.jpg",
      "06_who-director-general-chan-and-bill-gates-cropped-jpg.jpg",
      "07_bill-gates-2017-cropped-jpg.jpg",
      "08_steve-jobs-and-bill-gates-522695099-jpg.jpg",
      "09_harry-garland-and-bill-gates-jpg.jpg",
      "11_bill-gates-june-2015-png.png",
      "12_bill-gates-2018-jpg.jpg"
    ],
    "values": [
      [
        1.0000001192092896,
        0.38163021206855774,
        0.5519746541976929,
        0.02576223760843277,
        0.45195427536964417,
        0.36960795521736145,
        0.022761313244700432,
        0.45277172327041626,
        0.4093576669692993
      ],
      [
        0.38163021206855774,
        1.0000001192092896,
        0.3942332863807678,
        0.0140129579231143,
        0.47644487023353577,
        0.5153886079788208,
        0.008035227656364441,
        0.42764800786972046,
        0.47362229228019714
      ],
      [
        0.5519746541976929,
        0.3942332863807678,
        0.9999999403953552,
        -0.01443466916680336,
        0.5236895680427551,
        0.4520981013774872,
        0.08216496556997299,
        0.545335054397583,
        0.48817893862724304
      ],
      [
        0.02576223760843277,
        0.0140129579231143,
        -0.01443466916680336,
        0.9999998807907104,
        -0.03354177996516228,
        -0.059854406863451004,
        0.03399498388171196,
        -0.04418935254216194,
        -0.09329839795827866
      ],
      [
        0.45195427536964417,
        0.47644487023353577,
        0.5236895680427551,
        -0.03354177996516228,
        1.0000001192092896,
        0.49851933121681213,
        0.07624821364879608,
        0.5046911239624023,
        0.49337756633758545
      ],
      [
        0.36960795521736145,
        0.5153886079788208,
        0.4520981013774872,
        -0.059854406863451004,
        0.49851933121681213,
        1.0,
        -0.014326450414955616,
        0.5086920857429504,
        0.4718649685382843
      ],
      [
        0.022761313244700432,
        0.008035227656364441,
        0.08216496556997299,
        0.03399498388171196,
        0.07624821364879608,
        -0.014326450414955616,
        1.0,
        0.011201942339539528,
        -0.010034553706645966
      ],
      [
        0.45277172327041626,
        0.42764800786972046,
        0.545335054397583,
        -0.04418935254216194,
        0.5046911239624023,
        0.5086920857429504,
        0.011201942339539528,
        1.0000001192092896,
        0.598211944103241
      ],
      [
        0.4093576669692993,
        0.47362229228019714,
        0.48817893862724304,
        -0.09329839795827866,
        0.49337756633758545,
        0.4718649685382843,
        -0.010034553706645966,
        0.598211944103241,
        1.0
      ]
    ]
  },
  "errors": [
    {
      "path": "/workspace/input/piven/data/bill_gates/portrait.jpg",
      "error": "No face detected in /workspace/input/piven/data/bill_gates/portrait.jpg"
    },
    {
      "path": "/workspace/input/piven/data/bill_gates/images/02_quote-of-bill-gates-at-the-cafeteria-of-iiit-hyderabad-jpg.jpg",
      "error": "No face detected in /workspace/input/piven/data/bill_gates/images/02_quote-of-bill-gates-at-the-cafeteria-of-iiit-hyderabad-jpg.jpg"
    }
  ]
}