{
  "folder": "/workspace/input/noma_bar/data/margeret_thatcher",
  "model": "/workspace/src/LVFace/models/LVFace-L_Glint360K/LVFace-L_Glint360K.onnx",
  "providers": [
    "CUDAExecutionProvider",
    "CPUExecutionProvider"
  ],
  "portrait": {
    "path": "/workspace/input/noma_bar/data/margeret_thatcher/portrait.jpg",
    "pairs": [
      {
        "index": 0,
        "name": "01_margaret-thatcher-stock-portrait-cropped-jpg.jpg",
        "path": "/workspace/input/noma_bar/data/margeret_thatcher/images/01_margaret-thatcher-stock-portrait-cropped-jpg.jpg",
        "similarity": 0.038816552609205246
      },
      {
        "index": 1,
        "name": "02_margaret-thatcher-1983-jpg.jpg",
        "path": "/workspace/input/noma_bar/data/margeret_thatcher/images/02_margaret-thatcher-1983-jpg.jpg",
        "similarity": 0.004893094766885042
      },
      {
        "index": 2,
        "name": "03_margaret-thatcher-jpg.jpg",
        "path": "/workspace/input/noma_bar/data/margeret_thatcher/images/03_margaret-thatcher-jpg.jpg",
        "similarity": -0.005849039647728205
      },
      {
        "index": 3,
        "name": "07_margaret-thatcher-2007-jpg.jpg",
        "path": "/workspace/input/noma_bar/data/margeret_thatcher/images/07_margaret-thatcher-2007-jpg.jpg",
        "similarity": 0.007801554165780544
      },
      {
        "index": 4,
        "name": "08_margaret-thatcher-1984-jpg.jpg",
        "path": "/workspace/input/noma_bar/data/margeret_thatcher/images/08_margaret-thatcher-1984-jpg.jpg",
        "similarity": 0.04145128279924393
      },
      {
        "index": 5,
        "name": "08_margaret-thatcher-in-1981-cropped-jpg.jpg",
        "path": "/workspace/input/noma_bar/data/margeret_thatcher/images/08_margaret-thatcher-in-1981-cropped-jpg.jpg",
        "similarity": 0.017862802371382713
      },
      {
        "index": 6,
        "name": "09_george-h-w-bush-and-margaret-thatcher-cropped-cropped-jpg.jpg",
        "path": "/workspace/input/noma_bar/data/margeret_thatcher/images/09_george-h-w-bush-and-margaret-thatcher-cropped-cropped-jpg.jpg",
        "similarity": 0.01422455906867981
      },
      {
        "index": 7,
        "name": "09_margaret-thatcher-png.png",
        "path": "/workspace/input/noma_bar/data/margeret_thatcher/images/09_margaret-thatcher-png.png",
        "similarity": 0.03783600777387619
      },
      {
        "index": 8,
        "name": "10_margaret-thatcher-1983-cropped-jpg.jpg",
        "path": "/workspace/input/noma_bar/data/margeret_thatcher/images/10_margaret-thatcher-1983-cropped-jpg.jpg",
        "similarity": 0.0027206684462726116
      },
      {
        "index": 9,
        "name": "11_president-ronald-reagan-and-prime-minister-margaret-thatcher-on-the-patio-outside-oval-office-cropped-jpg.jpg",
        "path": "/workspace/input/noma_bar/data/margeret_thatcher/images/11_president-ronald-reagan-and-prime-minister-margaret-thatcher-on-the-patio-outside-oval-office-cropped-jpg.jpg",
        "similarity": 0.009260261431336403
      }
    ],
    "matrix": {
      "labels": [
        "portrait",
        "0",
        "1",
        "2",
        "3",
        "4",
        "5",
        "6",
        "7",
        "8",
        "9"
      ],
      "values": [
        [
          1.0,
          0.038816552609205246,
          0.004893094766885042,
          -0.005849039647728205,
          0.007801554165780544,
          0.04145128279924393,
          0.017862802371382713,
          0.01422455906867981,
          0.03783600777387619,
          0.0027206684462726116,
          0.009260261431336403
        ],
        [
          0.038816552609205246,
          0.9999999403953552,
          0.49367737770080566,
          0.4190092980861664,
          0.43658092617988586,
          0.5921307802200317,
          0.4787321984767914,
          0.010949363000690937,
          0.8688148260116577,
          0.4195130467414856,
          -0.01178997103124857
        ],
        [
          0.004893094766885042,
          0.49367737770080566,
          1.0000001192092896,
          0.3700130581855774,
          0.35834166407585144,
          0.5113255977630615,
          0.5239859223365784,
          -0.018225254490971565,
          0.5255280137062073,
          0.7648085355758667,
          0.13238941133022308
        ],
        [
          -0.005849039647728205,
          0.4190092980861664,
          0.3700130581855774,
          1.0000001192092896,
          0.529743492603302,
          0.4873146414756775,
          0.4272313117980957,
          0.06018269434571266,
          0.4448726773262024,
          0.4215185046195984,
          -0.00980698224157095
        ],
        [
          0.007801554165780544,
          0.43658092617988586,
          0.35834166407585144,
          0.529743492603302,
          1.0,
          0.4988881051540375,
          0.4153192937374115,
          -0.05277356132864952,
          0.4184982478618622,
          0.40834060311317444,
          0.016749348491430283
        ],
        [
          0.04145128279924393,
          0.5921307802200317,
          0.5113255977630615,
          0.4873146414756775,
          0.4988881051540375,
          1.0,
          0.601938784122467,
          -0.02281837910413742,
          0.6333714127540588,
          0.5082219839096069,
          0.0687909722328186
        ],
        [
          0.017862802371382713,
          0.4787321984767914,
          0.5239859223365784,
          0.4272313117980957,
          0.4153192937374115,
          0.601938784122467,
          1.0,
          -0.04269792139530182,
          0.49101483821868896,
          0.5291165113449097,
          0.09872551262378693
        ],
        [
          0.01422455906867981,
          0.010949363000690937,
          -0.018225254490971565,
          0.06018269434571266,
          -0.05277356132864952,
          -0.02281837910413742,
          -0.04269792139530182,
          1.0,
          -0.016709212213754654,
          -0.03484125807881355,
          0.07209333777427673
        ],
        [
          0.03783600777387619,
          0.8688148260116577,
          0.5255280137062073,
          0.4448726773262024,
          0.4184982478618622,
          0.6333714127540588,
          0.49101483821868896,
          -0.016709212213754654,
          0.9999999403953552,
          0.44651028513908386,
          0.011917750351130962
        ],
        [
          0.0027206684462726116,
          0.4195130467414856,
          0.7648085355758667,
          0.4215185046195984,
          0.40834060311317444,
          0.5082219839096069,
          0.5291165113449097,
          -0.03484125807881355,
          0.44651028513908386,
          1.0000001192092896,
          0.0484960712492466
        ],
        [
          0.009260261431336403,
          -0.01178997103124857,
          0.13238941133022308,
          -0.00980698224157095,
          0.016749348491430283,
          0.0687909722328186,
          0.09872551262378693,
          0.07209333777427673,
          0.011917750351130962,
          0.0484960712492466,
          1.0
        ]
      ]
    }
  },
  "images": [
    {
      "name": "01_margaret-thatcher-stock-portrait-cropped-jpg.jpg",
      "path": "/workspace/input/noma_bar/data/margeret_thatcher/images/01_margaret-thatcher-stock-portrait-cropped-jpg.jpg"
    },
    {
      "name": "02_margaret-thatcher-1983-jpg.jpg",
      "path": "/workspace/input/noma_bar/data/margeret_thatcher/images/02_margaret-thatcher-1983-jpg.jpg"
    },
    {
      "name": "03_margaret-thatcher-jpg.jpg",
      "path": "/workspace/input/noma_bar/data/margeret_thatcher/images/03_margaret-thatcher-jpg.jpg"
    },
    {
      "name": "07_margaret-thatcher-2007-jpg.jpg",
      "path": "/workspace/input/noma_bar/data/margeret_thatcher/images/07_margaret-thatcher-2007-jpg.jpg"
    },
    {
      "name": "08_margaret-thatcher-1984-jpg.jpg",
      "path": "/workspace/input/noma_bar/data/margeret_thatcher/images/08_margaret-thatcher-1984-jpg.jpg"
    },
    {
      "name": "08_margaret-thatcher-in-1981-cropped-jpg.jpg",
      "path": "/workspace/input/noma_bar/data/margeret_thatcher/images/08_margaret-thatcher-in-1981-cropped-jpg.jpg"
    },
    {
      "name": "09_george-h-w-bush-and-margaret-thatcher-cropped-cropped-jpg.jpg",
      "path": "/workspace/input/noma_bar/data/margeret_thatcher/images/09_george-h-w-bush-and-margaret-thatcher-cropped-cropped-jpg.jpg"
    },
    {
      "name": "09_margaret-thatcher-png.png",
      "path": "/workspace/input/noma_bar/data/margeret_thatcher/images/09_margaret-thatcher-png.png"
    },
    {
      "name": "10_margaret-thatcher-1983-cropped-jpg.jpg",
      "path": "/workspace/input/noma_bar/data/margeret_thatcher/images/10_margaret-thatcher-1983-cropped-jpg.jpg"
    },
    {
      "name": "11_president-ronald-reagan-and-prime-minister-margaret-thatcher-on-the-patio-outside-oval-office-cropped-jpg.jpg",
      "path": "/workspace/input/noma_bar/data/margeret_thatcher/images/11_president-ronald-reagan-and-prime-minister-margaret-thatcher-on-the-patio-outside-oval-office-cropped-jpg.jpg"
    }
  ],
  "pairs": [
    {
      "left": "/workspace/input/noma_bar/data/margeret_thatcher/images/01_margaret-thatcher-stock-portrait-cropped-jpg.jpg",
      "right": "/workspace/input/noma_bar/data/margeret_thatcher/images/02_margaret-thatcher-1983-jpg.jpg",
      "similarity": 0.49367737770080566
    },
    {
      "left": "/workspace/input/noma_bar/data/margeret_thatcher/images/01_margaret-thatcher-stock-portrait-cropped-jpg.jpg",
      "right": "/workspace/input/noma_bar/data/margeret_thatcher/images/03_margaret-thatcher-jpg.jpg",
      "similarity": 0.4190092980861664
    },
    {
      "left": "/workspace/input/noma_bar/data/margeret_thatcher/images/01_margaret-thatcher-stock-portrait-cropped-jpg.jpg",
      "right": "/workspace/input/noma_bar/data/margeret_thatcher/images/07_margaret-thatcher-2007-jpg.jpg",
      "similarity": 0.43658092617988586
    },
    {
      "left": "/workspace/input/noma_bar/data/margeret_thatcher/images/01_margaret-thatcher-stock-portrait-cropped-jpg.jpg",
      "right": "/workspace/input/noma_bar/data/margeret_thatcher/images/08_margaret-thatcher-1984-jpg.jpg",
      "similarity": 0.5921307802200317
    },
    {
      "left": "/workspace/input/noma_bar/data/margeret_thatcher/images/01_margaret-thatcher-stock-portrait-cropped-jpg.jpg",
      "right": "/workspace/input/noma_bar/data/margeret_thatcher/images/08_margaret-thatcher-in-1981-cropped-jpg.jpg",
      "similarity": 0.4787321984767914
    },
    {
      "left": "/workspace/input/noma_bar/data/margeret_thatcher/images/01_margaret-thatcher-stock-portrait-cropped-jpg.jpg",
      "right": "/workspace/input/noma_bar/data/margeret_thatcher/images/09_george-h-w-bush-and-margaret-thatcher-cropped-cropped-jpg.jpg",
      "similarity": 0.010949363000690937
    },
    {
      "left": "/workspace/input/noma_bar/data/margeret_thatcher/images/01_margaret-thatcher-stock-portrait-cropped-jpg.jpg",
      "right": "/workspace/input/noma_bar/data/margeret_thatcher/images/09_margaret-thatcher-png.png",
      "similarity": 0.8688148260116577
    },
    {
      "left": "/workspace/input/noma_bar/data/margeret_thatcher/images/01_margaret-thatcher-stock-portrait-cropped-jpg.jpg",
      "right": "/workspace/input/noma_bar/data/margeret_thatcher/images/10_margaret-thatcher-1983-cropped-jpg.jpg",
      "similarity": 0.4195130467414856
    },
    {
      "left": "/workspace/input/noma_bar/data/margeret_thatcher/images/01_margaret-thatcher-stock-portrait-cropped-jpg.jpg",
      "right": "/workspace/input/noma_bar/data/margeret_thatcher/images/11_president-ronald-reagan-and-prime-minister-margaret-thatcher-on-the-patio-outside-oval-office-cropped-jpg.jpg",
      "similarity": -0.01178997103124857
    },
    {
      "left": "/workspace/input/noma_bar/data/margeret_thatcher/images/02_margaret-thatcher-1983-jpg.jpg",
      "right": "/workspace/input/noma_bar/data/margeret_thatcher/images/03_margaret-thatcher-jpg.jpg",
      "similarity": 0.3700130581855774
    },
    {
      "left": "/workspace/input/noma_bar/data/margeret_thatcher/images/02_margaret-thatcher-1983-jpg.jpg",
      "right": "/workspace/input/noma_bar/data/margeret_thatcher/images/07_margaret-thatcher-2007-jpg.jpg",
      "similarity": 0.35834166407585144
    },
    {
      "left": "/workspace/input/noma_bar/data/margeret_thatcher/images/02_margaret-thatcher-1983-jpg.jpg",
      "right": "/workspace/input/noma_bar/data/margeret_thatcher/images/08_margaret-thatcher-1984-jpg.jpg",
      "similarity": 0.5113255977630615
    },
    {
      "left": "/workspace/input/noma_bar/data/margeret_thatcher/images/02_margaret-thatcher-1983-jpg.jpg",
      "right": "/workspace/input/noma_bar/data/margeret_thatcher/images/08_margaret-thatcher-in-1981-cropped-jpg.jpg",
      "similarity": 0.5239859223365784
    },
    {
      "left": "/workspace/input/noma_bar/data/margeret_thatcher/images/02_margaret-thatcher-1983-jpg.jpg",
      "right": "/workspace/input/noma_bar/data/margeret_thatcher/images/09_george-h-w-bush-and-margaret-thatcher-cropped-cropped-jpg.jpg",
      "similarity": -0.018225254490971565
    },
    {
      "left": "/workspace/input/noma_bar/data/margeret_thatcher/images/02_margaret-thatcher-1983-jpg.jpg",
      "right": "/workspace/input/noma_bar/data/margeret_thatcher/images/09_margaret-thatcher-png.png",
      "similarity": 0.5255280137062073
    },
    {
      "left": "/workspace/input/noma_bar/data/margeret_thatcher/images/02_margaret-thatcher-1983-jpg.jpg",
      "right": "/workspace/input/noma_bar/data/margeret_thatcher/images/10_margaret-thatcher-1983-cropped-jpg.jpg",
      "similarity": 0.7648085355758667
    },
    {
      "left": "/workspace/input/noma_bar/data/margeret_thatcher/images/02_margaret-thatcher-1983-jpg.jpg",
      "right": "/workspace/input/noma_bar/data/margeret_thatcher/images/11_president-ronald-reagan-and-prime-minister-margaret-thatcher-on-the-patio-outside-oval-office-cropped-jpg.jpg",
      "similarity": 0.13238941133022308
    },
    {
      "left": "/workspace/input/noma_bar/data/margeret_thatcher/images/03_margaret-thatcher-jpg.jpg",
      "right": "/workspace/input/noma_bar/data/margeret_thatcher/images/07_margaret-thatcher-2007-jpg.jpg",
      "similarity": 0.529743492603302
    },
    {
      "left": "/workspace/input/noma_bar/data/margeret_thatcher/images/03_margaret-thatcher-jpg.jpg",
      "right": "/workspace/input/noma_bar/data/margeret_thatcher/images/08_margaret-thatcher-1984-jpg.jpg",
      "similarity": 0.4873146414756775
    },
    {
      "left": "/workspace/input/noma_bar/data/margeret_thatcher/images/03_margaret-thatcher-jpg.jpg",
      "right": "/workspace/input/noma_bar/data/margeret_thatcher/images/08_margaret-thatcher-in-1981-cropped-jpg.jpg",
      "similarity": 0.4272313117980957
    },
    {
      "left": "/workspace/input/noma_bar/data/margeret_thatcher/images/03_margaret-thatcher-jpg.jpg",
      "right": "/workspace/input/noma_bar/data/margeret_thatcher/images/09_george-h-w-bush-and-margaret-thatcher-cropped-cropped-jpg.jpg",
      "similarity": 0.06018269434571266
    },
    {
      "left": "/workspace/input/noma_bar/data/margeret_thatcher/images/03_margaret-thatcher-jpg.jpg",
      "right": "/workspace/input/noma_bar/data/margeret_thatcher/images/09_margaret-thatcher-png.png",
      "similarity": 0.4448726773262024
    },
    {
      "left": "/workspace/input/noma_bar/data/margeret_thatcher/images/03_margaret-thatcher-jpg.jpg",
      "right": "/workspace/input/noma_bar/data/margeret_thatcher/images/10_margaret-thatcher-1983-cropped-jpg.jpg",
      "similarity": 0.4215185046195984
    },
    {
      "left": "/workspace/input/noma_bar/data/margeret_thatcher/images/03_margaret-thatcher-jpg.jpg",
      "right": "/workspace/input/noma_bar/data/margeret_thatcher/images/11_president-ronald-reagan-and-prime-minister-margaret-thatcher-on-the-patio-outside-oval-office-cropped-jpg.jpg",
      "similarity": -0.00980698224157095
    },
    {
      "left": "/workspace/input/noma_bar/data/margeret_thatcher/images/07_margaret-thatcher-2007-jpg.jpg",
      "right": "/workspace/input/noma_bar/data/margeret_thatcher/images/08_margaret-thatcher-1984-jpg.jpg",
      "similarity": 0.4988881051540375
    },
    {
      "left": "/workspace/input/noma_bar/data/margeret_thatcher/images/07_margaret-thatcher-2007-jpg.jpg",
      "right": "/workspace/input/noma_bar/data/margeret_thatcher/images/08_margaret-thatcher-in-1981-cropped-jpg.jpg",
      "similarity": 0.4153192937374115
    },
    {
      "left": "/workspace/input/noma_bar/data/margeret_thatcher/images/07_margaret-thatcher-2007-jpg.jpg",
      "right": "/workspace/input/noma_bar/data/margeret_thatcher/images/09_george-h-w-bush-and-margaret-thatcher-cropped-cropped-jpg.jpg",
      "similarity": -0.05277356132864952
    },
    {
      "left": "/workspace/input/noma_bar/data/margeret_thatcher/images/07_margaret-thatcher-2007-jpg.jpg",
      "right": "/workspace/input/noma_bar/data/margeret_thatcher/images/09_margaret-thatcher-png.png",
      "similarity": 0.4184982478618622
    },
    {
      "left": "/workspace/input/noma_bar/data/margeret_thatcher/images/07_margaret-thatcher-2007-jpg.jpg",
      "right": "/workspace/input/noma_bar/data/margeret_thatcher/images/10_margaret-thatcher-1983-cropped-jpg.jpg",
      "similarity": 0.40834060311317444
    },
    {
      "left": "/workspace/input/noma_bar/data/margeret_thatcher/images/07_margaret-thatcher-2007-jpg.jpg",
      "right": "/workspace/input/noma_bar/data/margeret_thatcher/images/11_president-ronald-reagan-and-prime-minister-margaret-thatcher-on-the-patio-outside-oval-office-cropped-jpg.jpg",
      "similarity": 0.016749348491430283
    },
    {
      "left": "/workspace/input/noma_bar/data/margeret_thatcher/images/08_margaret-thatcher-1984-jpg.jpg",
      "right": "/workspace/input/noma_bar/data/margeret_thatcher/images/08_margaret-thatcher-in-1981-cropped-jpg.jpg",
      "similarity": 0.601938784122467
    },
    {
      "left": "/workspace/input/noma_bar/data/margeret_thatcher/images/08_margaret-thatcher-1984-jpg.jpg",
      "right": "/workspace/input/noma_bar/data/margeret_thatcher/images/09_george-h-w-bush-and-margaret-thatcher-cropped-cropped-jpg.jpg",
      "similarity": -0.02281837910413742
    },
    {
      "left": "/workspace/input/noma_bar/data/margeret_thatcher/images/08_margaret-thatcher-1984-jpg.jpg",
      "right": "/workspace/input/noma_bar/data/margeret_thatcher/images/09_margaret-thatcher-png.png",
      "similarity": 0.6333714127540588
    },
    {
      "left": "/workspace/input/noma_bar/data/margeret_thatcher/images/08_margaret-thatcher-1984-jpg.jpg",
      "right": "/workspace/input/noma_bar/data/margeret_thatcher/images/10_margaret-thatcher-1983-cropped-jpg.jpg",
      "similarity": 0.5082219839096069
    },
    {
      "left": "/workspace/input/noma_bar/data/margeret_thatcher/images/08_margaret-thatcher-1984-jpg.jpg",
      "right": "/workspace/input/noma_bar/data/margeret_thatcher/images/11_president-ronald-reagan-and-prime-minister-margaret-thatcher-on-the-patio-outside-oval-office-cropped-jpg.jpg",
      "similarity": 0.0687909722328186
    },
    {
      "left": "/workspace/input/noma_bar/data/margeret_thatcher/images/08_margaret-thatcher-in-1981-cropped-jpg.jpg",
      "right": "/workspace/input/noma_bar/data/margeret_thatcher/images/09_george-h-w-bush-and-margaret-thatcher-cropped-cropped-jpg.jpg",
      "similarity": -0.04269792139530182
    },
    {
      "left": "/workspace/input/noma_bar/data/margeret_thatcher/images/08_margaret-thatcher-in-1981-cropped-jpg.jpg",
      "right": "/workspace/input/noma_bar/data/margeret_thatcher/images/09_margaret-thatcher-png.png",
      "similarity": 0.49101483821868896
    },
    {
      "left": "/workspace/input/noma_bar/data/margeret_thatcher/images/08_margaret-thatcher-in-1981-cropped-jpg.jpg",
      "right": "/workspace/input/noma_bar/data/margeret_thatcher/images/10_margaret-thatcher-1983-cropped-jpg.jpg",
      "similarity": 0.5291165113449097
    },
    {
      "left": "/workspace/input/noma_bar/data/margeret_thatcher/images/08_margaret-thatcher-in-1981-cropped-jpg.jpg",
      "right": "/workspace/input/noma_bar/data/margeret_thatcher/images/11_president-ronald-reagan-and-prime-minister-margaret-thatcher-on-the-patio-outside-oval-office-cropped-jpg.jpg",
      "similarity": 0.09872551262378693
    },
    {
      "left": "/workspace/input/noma_bar/data/margeret_thatcher/images/09_george-h-w-bush-and-margaret-thatcher-cropped-cropped-jpg.jpg",
      "right": "/workspace/input/noma_bar/data/margeret_thatcher/images/09_margaret-thatcher-png.png",
      "similarity": -0.016709212213754654
    },
    {
      "left": "/workspace/input/noma_bar/data/margeret_thatcher/images/09_george-h-w-bush-and-margaret-thatcher-cropped-cropped-jpg.jpg",
      "right": "/workspace/input/noma_bar/data/margeret_thatcher/images/10_margaret-thatcher-1983-cropped-jpg.jpg",
      "similarity": -0.03484125807881355
    },
    {
      "left": "/workspace/input/noma_bar/data/margeret_thatcher/images/09_george-h-w-bush-and-margaret-thatcher-cropped-cropped-jpg.jpg",
      "right": "/workspace/input/noma_bar/data/margeret_thatcher/images/11_president-ronald-reagan-and-prime-minister-margaret-thatcher-on-the-patio-outside-oval-office-cropped-jpg.jpg",
      "similarity": 0.07209333777427673
    },
    {
      "left": "/workspace/input/noma_bar/data/margeret_thatcher/images/09_margaret-thatcher-png.png",
      "right": "/workspace/input/noma_bar/data/margeret_thatcher/images/10_margaret-thatcher-1983-cropped-jpg.jpg",
      "similarity": 0.44651028513908386
    },
    {
      "left": "/workspace/input/noma_bar/data/margeret_thatcher/images/09_margaret-thatcher-png.png",
      "right": "/workspace/input/noma_bar/data/margeret_thatcher/images/11_president-ronald-reagan-and-prime-minister-margaret-thatcher-on-the-patio-outside-oval-office-cropped-jpg.jpg",
      "similarity": 0.011917750351130962
    },
    {
      "left": "/workspace/input/noma_bar/data/margeret_thatcher/images/10_margaret-thatcher-1983-cropped-jpg.jpg",
      "right": "/workspace/input/noma_bar/data/margeret_thatcher/images/11_president-ronald-reagan-and-prime-minister-margaret-thatcher-on-the-patio-outside-oval-office-cropped-jpg.jpg",
      "similarity": 0.0484960712492466
    }
  ],
  "matrix": {
    "labels": [
      "01_margaret-thatcher-stock-portrait-cropped-jpg.jpg",
      "02_margaret-thatcher-1983-jpg.jpg",
      "03_margaret-thatcher-jpg.jpg",
      "07_margaret-thatcher-2007-jpg.jpg",
      "08_margaret-thatcher-1984-jpg.jpg",
      "08_margaret-thatcher-in-1981-cropped-jpg.jpg",
      "09_george-h-w-bush-and-margaret-thatcher-cropped-cropped-jpg.jpg",
      "09_margaret-thatcher-png.png",
      "10_margaret-thatcher-1983-cropped-jpg.jpg",
      "11_president-ronald-reagan-and-prime-minister-margaret-thatcher-on-the-patio-outside-oval-office-cropped-jpg.jpg"
    ],
    "values": [
      [
        0.9999999403953552,
        0.49367737770080566,
        0.4190092980861664,
        0.43658092617988586,
        0.5921307802200317,
        0.4787321984767914,
        0.010949363000690937,
        0.8688148260116577,
        0.4195130467414856,
        -0.01178997103124857
      ],
      [
        0.49367737770080566,
        1.0000001192092896,
        0.3700130581855774,
        0.35834166407585144,
        0.5113255977630615,
        0.5239859223365784,
        -0.018225254490971565,
        0.5255280137062073,
        0.7648085355758667,
        0.13238941133022308
      ],
      [
        0.4190092980861664,
        0.3700130581855774,
        1.0000001192092896,
        0.529743492603302,
        0.4873146414756775,
        0.4272313117980957,
        0.06018269434571266,
        0.4448726773262024,
        0.4215185046195984,
        -0.00980698224157095
      ],
      [
        0.43658092617988586,
        0.35834166407585144,
        0.529743492603302,
        1.0,
        0.4988881051540375,
        0.4153192937374115,
        -0.05277356132864952,
        0.4184982478618622,
        0.40834060311317444,
        0.016749348491430283
      ],
      [
        0.5921307802200317,
        0.5113255977630615,
        0.4873146414756775,
        0.4988881051540375,
        1.0,
        0.601938784122467,
        -0.02281837910413742,
        0.6333714127540588,
        0.5082219839096069,
        0.0687909722328186
      ],
      [
        0.4787321984767914,
        0.5239859223365784,
        0.4272313117980957,
        0.4153192937374115,
        0.601938784122467,
        1.0,
        -0.04269792139530182,
        0.49101483821868896,
        0.5291165113449097,
        0.09872551262378693
      ],
      [
        0.010949363000690937,
        -0.018225254490971565,
        0.06018269434571266,
        -0.05277356132864952,
        -0.02281837910413742,
        -0.04269792139530182,
        1.0,
        -0.016709212213754654,
        -0.03484125807881355,
        0.07209333777427673
      ],
      [
        0.8688148260116577,
        0.5255280137062073,
        0.4448726773262024,
        0.4184982478618622,
        0.6333714127540588,
        0.49101483821868896,
        -0.016709212213754654,
        0.9999999403953552,
        0.44651028513908386,
        0.011917750351130962
      ],
      [
        0.4195130467414856,
        0.7648085355758667,
        0.4215185046195984,
        0.40834060311317444,
        0.5082219839096069,
        0.5291165113449097,
        -0.03484125807881355,
        0.44651028513908386,
        1.0000001192092896,
        0.0484960712492466
      ],
      [
        -0.01178997103124857,
        0.13238941133022308,
        -0.00980698224157095,
        0.016749348491430283,
        0.0687909722328186,
        0.09872551262378693,
        0.07209333777427673,
        0.011917750351130962,
        0.0484960712492466,
        1.0
      ]
    ]
  },
  "errors": [
    {
      "path": "/workspace/input/noma_bar/data/margeret_thatcher/portrait.jpg",
      "error": "No face detected in /workspace/input/noma_bar/data/margeret_thatcher/portrait.jpg"
    }
  ]
}